0-49	0-49	50-56	50-56	57-59	57-59	60-62	60-62	63-65	63-65	66-68	66-68	69-71	69-71	72-74	72-74	75-77	75-77	78-80	78-80	81-100	81-100
0.1	2	0.1	2	0.1	2	0.1	2	0.1	2	0.1	2	0.1	2	0.1	2	0.1	2	0.1	2	0.1	2
0.5	2	0.5	2	0.5	2	0.5	2	0.5	2	0.5	2	0.5	2	0.5	2	0.5	2	0.5	2	0.5	2
1	2	1	2	1	2	1	2	1	2	1	2	1	2	1	2	1	2	1	2	1	2
1.5	2	1.5	2	1.5	2	1.5	2	1.5	2	1.5	2	1.5	2	1.5	2	1.5	2	1.5	2	1.5	2
2	2	2	2	2	2	2	2	2	2	2	2	2	2	2	2	2	2	2	2	2	2
2.5	2	2.5	2	2.5	2	2.5	2	2.5	2	2.5	2	2.5	2	2.5	2	2.5	2	2.5	2	2.5	2
3	2	3	2	3	2	3	2	3	2	3	2	3	2	3	2	3	2	3	2	3	2
3.5	2	3.5	2	3.5	2	3.5	2	3.5	2	3.5	2	3.5	2	3.5	2	3.5	2	3.5	2	3.5	2
4	2	4	2	4	2	4	2	4	2	4	2	4	2	4	2	4	2	4	2	4	2
4.5	2	4.5	2	4.5	2	4.5	2	4.5	2	4.5	2	4.5	2	4.5	2	4.5	2	4.5	2	4.5	2
5	2	5	2	5	2	5	2	5	2	5	2	5	2	5	2	5	2	5	2	5	2
5.5	2	5.5	2	5.5	2	5.5	2	5.5	2	5.5	2	5.5	2	5.5	2	5.5	2	5.5	2	5.5	2
6	2	6	2	6	2	6	2	6	2	6	2	6	2	6	2	6	2	6	2	6	2
6.5	2	6.5	2	6.5	2	6.5	2	6.5	2	6.5	2	6.5	2	6.5	2	6.5	2	6.5	2	6.5	2
7	2	7	2	7	2	7	2	7	2	7	2	7	2	7	2	7	2	7	2	7	2
7.5	2	7.5	2	7.5	2	7.5	2	7.5	2	7.5	2	7.5	2	7.5	2	7.5	2	7.5	2	7.5	2
8	2	8	2	8	2	8	2	8	2	8	2	8	2	8	2	8	2	8	2	8	2
8.5	2	8.5	2	8.5	2	8.5	2	8.5	2	8.5	2	8.5	2	8.5	2	8.5	2	8.5	2	8.5	2
9	2	9	2	9	2	9	2	9	2	9	2	9	2	9	2	9	2	9	2	9	2
9.5	2	9.5	2	9.5	2	9.5	2	9.5	2	9.5	2	9.5	2	9.5	2	9.5	2	9.5	2	9.5	2
10	2	10	2	10	2	10	2	10	2	10	2	10	2	10	2	10	2	10	2	10	4
10.5	2	10.5	2	10.5	2	10.5	2	10.5	2	10.5	2	10.5	2	10.5	2	10.5	2	10.5	2	10.5	5
11	2	11	2	11	2	11	2	11	2	11	2	11	2	11	2	11	3	11	3	11	5
11.5	2	11.5	2	11.5	2	11.5	2	11.5	2	11.5	2	11.5	2	11.5	2	11.5	4	11.5	5	11.5	6
12	2	12	2	12	2	12	2	12	2	12	2	12	2	12	2	12	4	12	5	12	6
12.5	2	12.5	2	12.5	2	12.5	2	12.5	2	12.5	3	12.5	3	12.5	3	12.5	5	12.5	5	12.5	6
13	2	13	2	13	2	13	2	13	2	13	3	13	3	13	3	13	5	13	5	13	6
13.5	2	13.5	3	13.5	3	13.5	3	13.5	3	13.5	3	13.5	3	13.5	4	13.5	5	13.5	5	13.5	7
14	2	14	3	14	3	14	3	14	3	14	3	14	3	14	4	14	5	14	5	14	7
14.5	2	14.5	4	14.5	4	14.5	4	14.5	3	14.5	4	14.5	4	14.5	5	14.5	5	14.5	5	14.5	7
15	2	15	4	15	4	15	4	15	3	15	4	15	4	15	5	15	5	15	5	15	7
15.5	2	15.5	4	15.5	4	15.5	4	15.5	3	15.5	5	15.5	5	15.5	5	15.5	6	15.5	5	15.5	7
16	2	16	4	16	4	16	4	16	3	16	5	16	5	16	5	16	6	16	5	16	7
16.5	2	16.5	4	16.5	4	16.5	4	16.5	3	16.5	5	16.5	5	16.5	5	16.5	6	16.5	6	16.5	7
17	2	17	4	17	4	17	4	17	3	17	5	17	5	17	5	17	6	17	6	17	7
17.5	2	17.5	5	17.5	5	17.5	5	17.5	4	17.5	5	17.5	5	17.5	5	17.5	6	17.5	6	17.5	7
18	2	18	5	18	5	18	5	18	5	18	5	18	5	18	5	18	6	18	6	18	7
18.5	2	18.5	5	18.5	5	18.5	5	18.5	5	18.5	5	18.5	5	18.5	5	18.5	6	18.5	6	18.5	7
19	2	19	5	19	5	19	5	19	5	19	5	19	5	19	6	19	6	19	6	19	7
19.5	2	19.5	6	19.5	6	19.5	5	19.5	5	19.5	5	19.5	5	19.5	6	19.5	6	19.5	6	19.5	7
20	2	20	6	20	6	20	6	20	5	20	5	20	5	20	6	20	6	20	6	20	7
20.5	2	20.5	6	20.5	6	20.5	6	20.5	5	20.5	5	20.5	5	20.5	6	20.5	6	20.5	6	20.5	7
21	3	21	6	21	6	21	6	21	6	21	5	21	5	21	6	21	6	21	6	21	7
21.5	3	21.5	6	21.5	6	21.5	6	21.5	6	21.5	6	21.5	6	21.5	6	21.5	7	21.5	7	21.5	8
22	4	22	6	22	6	22	6	22	6	22	6	22	6	22	6	22	7	22	7	22	9
22.5	4	22.5	6	22.5	6	22.5	7	22.5	6	22.5	6	22.5	7	22.5	7	22.5	8	22.5	8	22.5	9
23	5	23	6	23	6	23	7	23	7	23	7	23	7	23	7	23	8	23	8	23	9
23.5	5	23.5	7	23.5	7	23.5	7	23.5	7	23.5	7	23.5	7	23.5	7	23.5	8	23.5	8	23.5	9
24	5	24	7	24	7	24	7	24	7	24	7	24	7	24	7	24	8	24	8	24	9
24.5	5	24.5	7	24.5	7	24.5	7	24.5	7	24.5	7	24.5	7	24.5	7	24.5	8	24.5	8	24.5	9
25	5	25	7	25	7	25	7	25	7	25	7	25	7	25	8	25	8	25	8	25	9
25.5	5	25.5	7	25.5	8	25.5	8	25.5	7	25.5	7	25.5	8	25.5	8	25.5	8	25.5	8	25.5	9
26	5	26	7	26	8	26	8	26	8	26	8	26	8	26	8	26	9	26	9	26	9
26.5	5	26.5	7	26.5	8	26.5	8	26.5	8	26.5	8	26.5	8	26.5	8	26.5	9	26.5	9	26.5	9
27	6	27	7	27	8	27	8	27	8	27	8	27	8	27	8	27	9	27	9	27	9
27.5	6	27.5	8	27.5	8	27.5	9	27.5	8	27.5	8	27.5	8	27.5	8	27.5	9	27.5	9	27.5	9
28	6	28	8	28	8	28	9	28	8	28	8	28	8	28	9	28	9	28	9	28	9
28.5	6	28.5	8	28.5	9	28.5	9	28.5	9	28.5	8	28.5	9	28.5	9	28.5	9	28.5	9	28.5	9
29	7	29	8	29	9	29	9	29	9	29	9	29	9	29	9	29	9	29	9	29	9
29.5	7	29.5	9	29.5	9	29.5	10	29.5	9	29.5	9	29.5	9	29.5	9	29.5	10	29.5	10	29.5	10
30	7	30	9	30	9	30	10	30	9	30	9	30	9	30	9	30	10	30	10	30	10
30.5	7	30.5	9	30.5	10	30.5	10	30.5	10	30.5	10	30.5	10	30.5	10	30.5	10	30.5	10	30.5	11
31	8	31	9	31	10	31	10	31	10	31	10	31	10	31	10	31	10	31	10	31	11
31.5	8	31.5	10	31.5	10	31.5	10	31.5	10	31.5	10	31.5	10	31.5	10	31.5	10	31.5	11	31.5	11
32	9	32	10	32	10	32	10	32	10	32	10	32	10	32	10	32	10	32	11	32	11
32.5	9	32.5	10	32.5	10	32.5	11	32.5	10	32.5	11	32.5	11	32.5	11	32.5	11	32.5	11	32.5	11
33	9	33	10	33	10	33	11	33	10	33	11	33	11	33	11	33	11	33	11	33	11
33.5	9	33.5	11	33.5	11	33.5	12	33.5	12	33.5	12	33.5	11	33.5	11	33.5	12	33.5	12	33.5	13
34	11	34	11	34	11	34	12	34	12	34	12	34	11	34	11	34	12	34	12	34	13
34.5	11	34.5	12	34.5	12	34.5	13	34.5	13	34.5	13	34.5	13	34.5	12	34.5	13	34.5	13	34.5	13
35	12	35	12	35	12	35	13	35	13	35	13	35	13	35	12	35	13	35	13	35	13
35.5	12	35.5	18	35.5	18	35.5	18	35.5	18	35.5	18	35.5	18	35.5	18	35.5	17	35.5	18	35.5	18
36	18	36	18	36	18	36	18	36	18	36	18	36	18	36	18	36	18	36	18	36	18
