0-49	0-49	50-56	50-56	57-59	57-59	60-62	60-62	63-65	63-65	66-68	66-68	69-71	69-71	72-74	72-74	75-77	75-77	78-80	78-80	81-100	81-100
0.5	18	0.5	18	0.5	18	0.5	18	0.5	18	0.5	18	0.5	18	0.5	18	0.5	18	0.5	18	0.5	18
1	18	1	18	1	18	1	18	1	18	1	18	1	18	1	18	1	18	1	18	1	18
2	18	2	18	2	18	2	18	2	18	2	18	2	18	2	18	2	18	2	18	2	18
3	18	3	18	3	18	3	18	3	18	3	18	3	18	3	18	3	18	3	18	3	18
4	18	4	18	4	18	4	18	4	18	4	18	4	18	4	18	4	18	4	18	4	18
5	18	5	18	5	18	5	18	5	18	5	18	5	18	5	18	5	18	5	18	5	18
6	18	6	18	6	18	6	18	6	18	6	18	6	18	6	18	6	18	6	18	6	18
7	18	7	18	7	18	7	18	7	18	7	18	7	18	7	18	7	18	7	18	7	18
8	18	8	18	8	18	8	18	8	18	8	18	8	18	8	18	8	18	8	18	8	18
9	18	9	18	9	18	9	18	9	18	9	18	9	18	9	18	9	18	9	18	9	18
10	18	10	18	10	18	10	18	10	18	10	18	10	18	10	18	10	18	10	18	10	18
11	18	11	18	11	18	11	18	11	18	11	18	11	18	11	18	11	18	11	18	11	18
12	18	12	18	12	18	12	18	12	18	12	18	12	18	12	18	12	18	12	18	12	18
13	18	13	18	13	18	13	18	13	18	13	18	13	18	13	18	13	18	13	18	13	18
14	18	14	18	14	18	14	18	14	18	14	18	14	18	14	18	14	18	14	18	14	18
15	18	15	18	15	18	15	18	15	18	15	18	15	18	15	18	15	18	15	18	15	18
16	18	16	18	16	18	16	18	16	18	16	18	16	18	16	18	16	18	16	18	16	18
17	18	17	18	17	18	17	18	17	18	17	18	17	18	17	18	17	18	17	18	17	18
18	18	18	18	18	18	18	18	18	18	18	18	18	18	18	18	18	18	18	18	18	18
19	18	19	18	19	18	19	18	19	18	19	18	19	18	19	18	19	18	19	18	19	18
20	18	20	18	20	18	20	18	20	18	20	18	20	18	20	18	20	18	20	18	20	18
21	18	21	18	21	18	21	18	21	18	21	18	21	18	21	18	21	18	21	18	21	18
22	18	22	18	22	18	22	18	22	18	22	18	22	18	22	18	22	18	22	18	22	18
23	18	23	18	23	18	23	18	23	18	23	18	23	18	23	18	23	18	23	18	23	18
24	18	24	18	24	18	24	18	24	18	24	18	24	18	24	18	24	18	24	18	24	18
25	18	25	18	25	18	25	18	25	18	25	18	25	18	25	18	25	18	25	18	25	18
26	18	26	18	26	18	26	18	26	18	26	18	26	18	26	18	26	18	26	18	26	18
27	18	27	18	27	18	27	18	27	18	27	18	27	18	27	18	27	18	27	18	27	18
28	18	28	18	28	18	28	18	28	18	28	18	28	18	28	18	28	18	28	18	28	18
29	18	29	18	29	18	29	18	29	18	29	18	29	18	29	18	29	18	29	18	29	18
30	18	30	18	30	18	30	18	30	18	30	18	30	18	30	18	30	18	30	18	30	18
31	18	31	18	31	18	31	18	31	18	31	18	31	18	31	18	31	18	31	18	31	18
32	18	32	18	32	18	32	18	32	18	32	18	32	18	32	18	32	18	32	18	32	18
33	18	33	18	33	18	33	18	33	18	33	18	33	18	33	18	33	18	33	18	33	18
34	18	34	18	34	18	34	18	34	18	34	18	34	18	34	18	34	18	34	18	34	18
35	18	35	18	35	18	35	18	35	18	35	18	35	18	35	18	35	18	35	18	35	18
36	18	36	18	36	18	36	18	36	18	36	18	36	18	36	18	36	18	36	18	36	18
37	18	37	18	37	18	37	18	37	18	37	18	37	18	37	18	37	18	37	18	37	18
38	18	38	18	38	18	38	18	38	18	38	18	38	18	38	18	38	18	38	18	38	18
39	18	39	18	39	18	39	18	39	18	39	18	39	18	39	18	39	18	39	18	39	18
40	18	40	18	40	18	40	18	40	18	40	18	40	18	40	18	40	18	40	18	40	18
41	18	41	18	41	18	41	18	41	18	41	18	41	18	41	18	41	18	41	18	41	18
42	18	42	18	42	18	42	18	42	18	42	18	42	18	42	18	42	18	42	18	42	18
43	18	43	18	43	18	43	18	43	18	43	18	43	18	43	18	43	18	43	18	43	18
44	18	44	18	44	18	44	18	44	18	44	18	44	18	44	18	44	18	44	18	44	18
45	18	45	18	45	18	45	18	45	18	45	18	45	18	45	18	45	18	45	18	45	18
46	18	46	18	46	18	46	18	46	18	46	18	46	18	46	18	46	18	46	18	46	18
47	18	47	18	47	18	47	18	47	18	47	18	47	18	47	18	47	18	47	18	47	18
48	18	48	18	48	18	48	18	48	18	48	18	48	18	48	18	48	18	48	18	48	18
49	18	49	18	49	18	49	18	49	18	49	18	49	18	49	18	49	18	49	18	49	18
50	18	50	18	50	18	50	18	50	18	50	18	50	18	50	18	50	18	50	18	50	18
51	18	51	18	51	18	51	18	51	18	51	18	51	18	51	18	51	18	51	18	51	18
52	18	52	18	52	18	52	18	52	18	52	18	52	18	52	18	52	18	52	18	52	18
53	18	53	18	53	18	53	18	53	18	53	18	53	18	53	18	53	18	53	18	53	18
54	18	54	18	54	18	54	18	54	18	54	18	54	18	54	18	54	18	54	18	54	18
55	18	55	18	55	18	55	18	55	18	55	18	55	18	55	18	55	18	55	18	55	18
56	18	56	18	56	18	56	18	56	18	56	18	56	18	56	18	56	18	56	18	56	18
57	18	57	18	57	18	57	18	57	18	57	18	57	18	57	18	57	18	57	18	57	18
58	18	58	18	58	18	58	18	58	18	58	18	58	18	58	18	58	18	58	18	58	18
59	18	59	18	59	18	59	18	59	18	59	18	59	18	59	18	59	18	59	18	59	18
60	18	60	18	60	18	60	18	60	18	60	18	60	18	60	18	60	18	60	18	60	18
61	18	61	17	61	17	61	18	61	18	61	18	61	18	61	18	61	18	61	18	61	18
62	17	62	16	62	17	62	18	62	18	62	18	62	18	62	18	62	17	62	18	62	18
63	17	63	16	63	17	63	18	63	18	63	18	63	18	63	17	63	17	63	18	63	18
64	17	64	16	64	17	64	18	64	18	64	18	64	17	64	17	64	17	64	18	64	18
65	16	65	16	65	17	65	18	65	18	65	18	65	17	65	17	65	17	65	18	65	18
66	16	66	16	66	17	66	18	66	18	66	18	66	17	66	17	66	17	66	18	66	18
67	16	67	16	67	17	67	18	67	18	67	18	67	17	67	17	67	17	67	18	67	18
68	16	68	16	68	17	68	18	68	18	68	18	68	17	68	17	68	17	68	18	68	18
69	15	69	16	69	17	69	18	69	18	69	18	69	17	69	17	69	17	69	18	69	18
70	15	70	16	70	17	70	18	70	18	70	18	70	17	70	17	70	17	70	18	70	18
71	15	71	16	71	17	71	18	71	18	71	18	71	17	71	17	71	17	71	18	71	18
72	15	72	15	72	16	72	18	72	18	72	18	72	17	72	17	72	17	72	18	72	18
73	15	73	15	73	16	73	18	73	18	73	18	73	17	73	17	73	17	73	18	73	18
74	14	74	15	74	16	74	18	74	18	74	18	74	17	74	17	74	17	74	18	74	18
75	14	75	15	75	16	75	18	75	18	75	18	75	17	75	17	75	17	75	18	75	18
76	14	76	15	76	16	76	18	76	18	76	17	76	16	76	17	76	16	76	18	76	18
77	14	77	15	77	16	77	18	77	18	77	17	77	16	77	15	77	16	77	18	77	18
78	14	78	15	78	16	78	18	78	18	78	17	78	16	78	15	78	16	78	18	78	18
79	14	79	15	79	16	79	18	79	18	79	17	79	16	79	15	79	16	79	18	79	18
80	14	80	15	80	16	80	18	80	18	80	17	80	16	80	15	80	16	80	18	80	18
81	14	81	15	81	16	81	18	81	18	81	17	81	16	81	15	81	16	81	18	81	18
82	14	82	15	82	15	82	17	82	18	82	17	82	16	82	15	82	16	82	18	82	18
83	14	83	15	83	15	83	16	83	18	83	17	83	16	83	15	83	16	83	18	83	18
84	13	84	15	84	15	84	16	84	18	84	17	84	16	84	15	84	16	84	18	84	18
85	13	85	15	85	15	85	16	85	18	85	17	85	16	85	15	85	16	85	18	85	18
86	13	86	15	86	15	86	16	86	18	86	17	86	16	86	15	86	16	86	18	86	18
87	13	87	15	87	15	87	16	87	18	87	17	87	16	87	15	87	16	87	18	87	18
88	13	88	15	88	15	88	16	88	18	88	17	88	16	88	15	88	16	88	18	88	18
89	13	89	15	89	15	89	16	89	18	89	17	89	16	89	15	89	16	89	18	89	18
90	13	90	14	90	15	90	15	90	17	90	16	90	15	90	15	90	15	90	17	90	16
91	12	91	14	91	15	91	15	91	17	91	16	91	15	91	15	91	15	91	17	91	16
92	12	92	14	92	14	92	15	92	16	92	15	92	15	92	15	92	15	92	17	92	16
93	12	93	14	93	14	93	14	93	15	93	15	93	15	93	15	93	15	93	17	93	16
94	12	94	14	94	14	94	14	94	15	94	15	94	15	94	15	94	15	94	17	94	16
95	12	95	14	95	14	95	14	95	15	95	15	95	15	95	15	95	15	95	17	95	16
96	12	96	14	96	14	96	14	96	15	96	15	96	15	96	15	96	15	96	17	96	16
97	12	97	14	97	14	97	14	97	15	97	15	97	15	97	15	97	15	97	17	97	16
98	12	98	14	98	14	98	14	98	15	98	15	98	15	98	15	98	15	98	17	98	16
99	12	99	14	99	14	99	14	99	15	99	15	99	15	99	15	99	15	99	17	99	16
100	12	100	14	100	14	100	14	100	15	100	15	100	15	100	15	100	15	100	15	100	16
101	12	101	13	101	14	101	14	101	15	101	15	101	15	101	15	101	15	101	15	101	16
102	12	102	13	102	14	102	14	102	15	102	15	102	15	102	15	102	15	102	15	102	16
103	12	103	13	103	14	103	14	103	15	103	15	103	15	103	15	103	15	103	15	103	16
104	12	104	13	104	13	104	14	104	15	104	15	104	15	104	15	104	15	104	15	104	16
105	12	105	13	105	13	105	14	105	15	105	14	105	14	105	15	105	15	105	15	105	16
106	12	106	13	106	13	106	14	106	15	106	14	106	14	106	15	106	15	106	15	106	16
107	12	107	13	107	13	107	14	107	15	107	14	107	14	107	15	107	15	107	15	107	16
108	12	108	13	108	13	108	13	108	14	108	14	108	14	108	15	108	15	108	15	108	16
109	12	109	13	109	13	109	13	109	14	109	14	109	14	109	15	109	15	109	15	109	16
110	12	110	13	110	13	110	13	110	14	110	14	110	14	110	14	110	14	110	15	110	16
111	11	111	13	111	13	111	13	111	14	111	14	111	14	111	14	111	14	111	15	111	16
112	11	112	13	112	13	112	13	112	14	112	14	112	14	112	14	112	14	112	15	112	16
113	11	113	13	113	13	113	13	113	14	113	14	113	14	113	14	113	14	113	15	113	15
114	11	114	13	114	13	114	13	114	14	114	14	114	14	114	14	114	14	114	15	114	15
115	11	115	13	115	13	115	13	115	14	115	14	115	14	115	14	115	14	115	14	115	15
116	11	116	13	116	13	116	13	116	14	116	14	116	14	116	14	116	14	116	14	116	15
117	11	117	13	117	13	117	13	117	14	117	14	117	14	117	14	117	14	117	14	117	15
118	11	118	13	118	13	118	13	118	14	118	14	118	14	118	14	118	14	118	14	118	15
119	11	119	13	119	13	119	13	119	14	119	13	119	13	119	14	119	14	119	14	119	15
120	11	120	12	120	13	120	13	120	13	120	13	120	13	120	14	120	13	120	14	120	14
121	11	121	12	121	13	121	13	121	13	121	13	121	13	121	14	121	13	121	14	121	14
122	10	122	12	122	13	122	13	122	13	122	13	122	13	122	14	122	13	122	14	122	14
123	10	123	12	123	13	123	13	123	13	123	13	123	13	123	14	123	13	123	14	123	14
124	10	124	12	124	13	124	13	124	13	124	13	124	13	124	14	124	13	124	14	124	14
125	10	125	12	125	13	125	13	125	13	125	13	125	13	125	14	125	13	125	14	125	14
126	10	126	12	126	13	126	13	126	13	126	13	126	13	126	14	126	13	126	14	126	14
127	10	127	12	127	13	127	13	127	13	127	13	127	13	127	14	127	13	127	14	127	14
128	10	128	12	128	13	128	13	128	13	128	13	128	13	128	14	128	13	128	14	128	14
129	10	129	12	129	13	129	12	129	13	129	13	129	13	129	14	129	13	129	14	129	14
130	10	130	12	130	13	130	12	130	13	130	13	130	13	130	14	130	13	130	14	130	14
131	10	131	12	131	13	131	12	131	13	131	13	131	13	131	14	131	13	131	14	131	14
132	10	132	12	132	13	132	12	132	13	132	13	132	13	132	14	132	13	132	14	132	14
133	10	133	12	133	12	133	12	133	13	133	13	133	13	133	13	133	13	133	14	133	14
134	10	134	12	134	12	134	12	134	12	134	13	134	13	134	13	134	13	134	13	134	14
135	10	135	12	135	12	135	12	135	12	135	13	135	13	135	13	135	13	135	13	135	14
136	10	136	12	136	12	136	12	136	12	136	12	136	12	136	13	136	13	136	13	136	14
137	10	137	12	137	12	137	12	137	12	137	12	137	12	137	13	137	13	137	13	137	14
138	10	138	11	138	12	138	12	138	12	138	12	138	12	138	13	138	13	138	13	138	14
139	10	139	11	139	12	139	12	139	12	139	12	139	12	139	13	139	13	139	13	139	14
140	10	140	11	140	12	140	12	140	12	140	12	140	12	140	13	140	13	140	13	140	14
141	10	141	11	141	12	141	12	141	12	141	12	141	12	141	13	141	13	141	13	141	14
142	10	142	11	142	12	142	11	142	12	142	12	142	12	142	13	142	13	142	13	142	14
143	10	143	11	143	12	143	11	143	12	143	12	143	12	143	13	143	13	143	13	143	14
144	10	144	11	144	12	144	11	144	12	144	12	144	12	144	13	144	13	144	13	144	13
145	10	145	11	145	12	145	11	145	12	145	12	145	12	145	13	145	13	145	13	145	13
146	10	146	11	146	12	146	11	146	12	146	12	146	12	146	13	146	13	146	13	146	13
147	10	147	11	147	12	147	11	147	12	147	12	147	12	147	13	147	13	147	13	147	13
148	10	148	11	148	12	148	11	148	11	148	12	148	12	148	12	148	13	148	13	148	13
149	10	149	11	149	12	149	11	149	11	149	12	149	12	149	12	149	13	149	13	149	13
150	10	150	11	150	12	150	11	150	11	150	11	150	12	150	12	150	13	150	13	150	13
151	10	151	11	151	12	151	11	151	11	151	11	151	12	151	12	151	13	151	13	151	13
152	10	152	11	152	11	152	11	152	11	152	11	152	11	152	12	152	12	152	13	152	13
153	9	153	11	153	11	153	11	153	11	153	11	153	11	153	12	153	12	153	13	153	13
154	9	154	11	154	11	154	11	154	11	154	11	154	11	154	12	154	12	154	13	154	13
155	9	155	10	155	11	155	11	155	11	155	11	155	11	155	12	155	12	155	13	155	13
156	9	156	10	156	11	156	11	156	11	156	11	156	11	156	12	156	12	156	13	156	13
157	9	157	10	157	11	157	11	157	11	157	11	157	11	157	12	157	12	157	13	157	13
158	9	158	10	158	11	158	11	158	11	158	11	158	11	158	12	158	12	158	13	158	13
159	9	159	10	159	11	159	11	159	11	159	11	159	11	159	12	159	12	159	13	159	13
160	9	160	10	160	11	160	11	160	11	160	11	160	11	160	12	160	12	160	13	160	13
161	9	161	10	161	11	161	11	161	11	161	11	161	11	161	12	161	12	161	13	161	13
162	9	162	10	162	11	162	11	162	11	162	11	162	11	162	12	162	12	162	13	162	13
163	9	163	10	163	11	163	11	163	11	163	11	163	11	163	12	163	12	163	13	163	13
164	9	164	10	164	11	164	11	164	11	164	11	164	11	164	12	164	12	164	13	164	13
165	9	165	10	165	11	165	10	165	11	165	11	165	11	165	12	165	12	165	13	165	13
166	9	166	10	166	11	166	10	166	11	166	11	166	11	166	12	166	12	166	13	166	13
167	9	167	10	167	11	167	10	167	11	167	11	167	11	167	12	167	12	167	13	167	13
168	9	168	10	168	11	168	10	168	11	168	11	168	11	168	12	168	12	168	13	168	13
169	9	169	10	169	11	169	10	169	11	169	11	169	11	169	11	169	12	169	12	169	13
170	8	170	10	170	11	170	10	170	11	170	11	170	11	170	11	170	12	170	12	170	13
171	8	171	10	171	11	171	10	171	11	171	11	171	11	171	11	171	12	171	12	171	13
172	8	172	10	172	11	172	10	172	11	172	11	172	11	172	11	172	12	172	12	172	13
173	8	173	10	173	11	173	10	173	10	173	11	173	11	173	11	173	12	173	12	173	13
174	8	174	10	174	11	174	10	174	10	174	10	174	11	174	11	174	12	174	12	174	13
175	8	175	10	175	10	175	10	175	10	175	10	175	11	175	11	175	12	175	12	175	13
176	8	176	10	176	10	176	10	176	10	176	10	176	11	176	11	176	12	176	12	176	13
177	8	177	10	177	10	177	10	177	10	177	10	177	11	177	11	177	12	177	12	177	13
178	8	178	10	178	10	178	10	178	10	178	10	178	11	178	11	178	12	178	12	178	13
179	8	179	10	179	10	179	10	179	10	179	10	179	11	179	11	179	12	179	12	179	13
180	8	180	10	180	10	180	10	180	10	180	10	180	11	180	11	180	12	180	12	180	12
181	8	181	10	181	10	181	10	181	10	181	10	181	10	181	11	181	11	181	12	181	12
182	8	182	10	182	10	182	10	182	10	182	10	182	10	182	11	182	11	182	12	182	12
183	8	183	10	183	10	183	10	183	10	183	10	183	10	183	11	183	11	183	12	183	12
184	8	184	10	184	10	184	10	184	10	184	10	184	10	184	11	184	11	184	12	184	12
185	8	185	10	185	10	185	10	185	10	185	10	185	10	185	11	185	11	185	12	185	12
186	8	186	10	186	10	186	10	186	10	186	10	186	10	186	11	186	11	186	12	186	12
187	8	187	10	187	10	187	10	187	10	187	10	187	10	187	11	187	11	187	12	187	12
188	8	188	10	188	10	188	10	188	10	188	10	188	10	188	11	188	11	188	12	188	12
189	8	189	10	189	10	189	10	189	10	189	10	189	10	189	11	189	11	189	12	189	12
190	8	190	9	190	10	190	10	190	10	190	10	190	10	190	11	190	11	190	12	190	12
191	7	191	9	191	10	191	10	191	10	191	10	191	10	191	11	191	11	191	12	191	12
192	7	192	9	192	10	192	9	192	10	192	10	192	10	192	11	192	11	192	12	192	12
193	7	193	9	193	10	193	9	193	10	193	10	193	10	193	11	193	11	193	12	193	12
194	7	194	9	194	10	194	9	194	10	194	10	194	10	194	11	194	11	194	11	194	12
195	7	195	9	195	10	195	9	195	10	195	10	195	10	195	11	195	11	195	11	195	12
196	7	196	9	196	10	196	9	196	10	196	10	196	10	196	10	196	11	196	11	196	12
197	7	197	9	197	10	197	9	197	9	197	10	197	10	197	10	197	11	197	11	197	12
198	7	198	9	198	10	198	9	198	9	198	10	198	10	198	10	198	11	198	11	198	12
199	7	199	9	199	10	199	9	199	9	199	10	199	10	199	10	199	11	199	11	199	12
200	7	200	9	200	10	200	9	200	9	200	10	200	10	200	10	200	11	200	11	200	12
201	7	201	9	201	10	201	9	201	9	201	10	201	10	201	10	201	11	201	11	201	12
202	7	202	9	202	10	202	9	202	9	202	10	202	10	202	10	202	11	202	11	202	12
203	7	203	9	203	9	203	9	203	9	203	10	203	10	203	10	203	11	203	11	203	12
204	7	204	9	204	9	204	9	204	9	204	10	204	10	204	10	204	11	204	11	204	12
205	7	205	9	205	9	205	9	205	9	205	10	205	10	205	10	205	11	205	11	205	11
206	7	206	9	206	9	206	9	206	9	206	10	206	10	206	10	206	11	206	11	206	11
207	7	207	9	207	9	207	9	207	9	207	10	207	10	207	10	207	11	207	11	207	11
208	7	208	9	208	9	208	9	208	9	208	10	208	10	208	10	208	11	208	11	208	11
209	7	209	9	209	9	209	9	209	9	209	10	209	10	209	10	209	11	209	11	209	11
210	7	210	9	210	9	210	9	210	9	210	10	210	10	210	10	210	11	210	11	210	11
211	7	211	9	211	9	211	9	211	9	211	10	211	10	211	10	211	11	211	11	211	11
212	7	212	9	212	9	212	9	212	9	212	10	212	10	212	10	212	11	212	11	212	11
213	7	213	9	213	9	213	9	213	9	213	10	213	10	213	10	213	11	213	11	213	11
214	7	214	9	214	9	214	9	214	9	214	10	214	10	214	10	214	11	214	11	214	11
215	7	215	9	215	9	215	9	215	9	215	9	215	10	215	10	215	10	215	11	215	11
216	7	216	9	216	9	216	9	216	9	216	9	216	10	216	10	216	10	216	11	216	11
217	7	217	9	217	9	217	9	217	9	217	9	217	10	217	10	217	10	217	11	217	11
218	7	218	9	218	9	218	9	218	9	218	9	218	10	218	10	218	10	218	11	218	11
219	7	219	9	219	9	219	9	219	9	219	9	219	10	219	10	219	10	219	11	219	11
220	7	220	9	220	9	220	9	220	9	220	9	220	10	220	10	220	10	220	11	220	11
221	7	221	9	221	9	221	9	221	9	221	9	221	10	221	10	221	10	221	10	221	11
222	7	222	9	222	9	222	9	222	9	222	9	222	9	222	10	222	10	222	10	222	11
223	7	223	9	223	9	223	9	223	9	223	9	223	9	223	10	223	10	223	10	223	11
224	6	224	9	224	9	224	9	224	9	224	9	224	9	224	10	224	10	224	10	224	11
225	6	225	9	225	9	225	9	225	9	225	9	225	9	225	10	225	10	225	10	225	11
226	6	226	9	226	9	226	9	226	9	226	9	226	9	226	10	226	10	226	10	226	11
227	6	227	9	227	9	227	9	227	9	227	9	227	9	227	10	227	10	227	10	227	11
228	6	228	9	228	9	228	9	228	9	228	9	228	9	228	10	228	10	228	10	228	11
229	6	229	8	229	9	229	9	229	9	229	9	229	9	229	10	229	10	229	10	229	11
230	6	230	8	230	9	230	9	230	9	230	9	230	9	230	10	230	10	230	10	230	11
231	6	231	8	231	9	231	9	231	9	231	9	231	9	231	10	231	10	231	10	231	11
232	6	232	8	232	9	232	9	232	9	232	9	232	9	232	10	232	10	232	10	232	11
233	6	233	8	233	9	233	9	233	9	233	9	233	9	233	10	233	10	233	10	233	11
234	6	234	8	234	9	234	9	234	9	234	9	234	9	234	10	234	10	234	10	234	11
235	6	235	8	235	9	235	9	235	9	235	9	235	9	235	10	235	10	235	10	235	11
236	6	236	8	236	9	236	9	236	9	236	9	236	9	236	10	236	10	236	10	236	11
237	6	237	8	237	8	237	9	237	9	237	9	237	9	237	10	237	10	237	10	237	11
238	6	238	8	238	8	238	9	238	9	238	9	238	9	238	10	238	10	238	10	238	11
239	6	239	8	239	8	239	9	239	9	239	9	239	9	239	10	239	10	239	10	239	11
240	6	240	8	240	8	240	8	240	8	240	9	240	9	240	10	240	10	240	10	240	11
241	6	241	8	241	8	241	8	241	8	241	9	241	9	241	10	241	10	241	10	241	11
242	6	242	8	242	8	242	8	242	8	242	9	242	9	242	10	242	10	242	10	242	11
243	6	243	8	243	8	243	8	243	8	243	9	243	9	243	10	243	10	243	10	243	11
244	6	244	8	244	8	244	8	244	8	244	9	244	9	244	10	244	10	244	10	244	11
245	6	245	8	245	8	245	8	245	8	245	9	245	9	245	10	245	10	245	10	245	11
246	6	246	8	246	8	246	8	246	8	246	9	246	9	246	10	246	10	246	10	246	11
247	6	247	8	247	8	247	8	247	8	247	8	247	9	247	9	247	10	247	10	247	11
248	6	248	8	248	8	248	8	248	8	248	8	248	9	248	9	248	10	248	10	248	11
249	6	249	8	249	8	249	8	249	8	249	8	249	9	249	9	249	10	249	10	249	11
250	6	250	8	250	8	250	8	250	8	250	8	250	9	250	9	250	10	250	10	250	11
251	6	251	8	251	8	251	8	251	8	251	8	251	9	251	9	251	10	251	10	251	11
252	6	252	8	252	8	252	8	252	8	252	8	252	9	252	9	252	10	252	10	252	11
253	5	253	8	253	8	253	8	253	8	253	8	253	9	253	9	253	10	253	10	253	11
254	5	254	8	254	8	254	8	254	8	254	8	254	8	254	9	254	10	254	10	254	11
255	5	255	8	255	8	255	8	255	8	255	8	255	8	255	9	255	10	255	10	255	11
256	5	256	8	256	8	256	8	256	8	256	8	256	8	256	9	256	10	256	10	256	10
257	5	257	8	257	8	257	8	257	8	257	8	257	8	257	9	257	10	257	10	257	10
258	5	258	8	258	8	258	8	258	8	258	8	258	8	258	9	258	10	258	10	258	10
259	5	259	8	259	8	259	8	259	8	259	8	259	8	259	9	259	10	259	10	259	10
260	5	260	8	260	8	260	8	260	8	260	8	260	8	260	9	260	10	260	10	260	10
261	5	261	8	261	8	261	8	261	8	261	8	261	8	261	9	261	10	261	10	261	10
262	5	262	8	262	8	262	8	262	8	262	8	262	8	262	9	262	10	262	10	262	10
263	5	263	7	263	8	263	8	263	8	263	8	263	8	263	9	263	10	263	10	263	10
264	5	264	7	264	8	264	8	264	8	264	8	264	8	264	9	264	10	264	10	264	10
265	5	265	7	265	8	265	8	265	8	265	8	265	8	265	9	265	10	265	10	265	10
266	5	266	7	266	8	266	8	266	8	266	8	266	8	266	9	266	10	266	10	266	10
267	5	267	7	267	8	267	8	267	8	267	8	267	8	267	9	267	10	267	10	267	10
268	5	268	7	268	8	268	8	268	8	268	8	268	8	268	9	268	10	268	10	268	10
269	5	269	7	269	8	269	8	269	8	269	8	269	8	269	9	269	10	269	10	269	10
270	5	270	7	270	8	270	8	270	8	270	8	270	8	270	9	270	10	270	10	270	10
271	5	271	7	271	8	271	8	271	8	271	8	271	8	271	9	271	10	271	10	271	10
272	5	272	7	272	8	272	8	272	8	272	8	272	8	272	9	272	10	272	10	272	10
273	5	273	7	273	8	273	8	273	8	273	8	273	8	273	9	273	10	273	10	273	10
274	5	274	7	274	8	274	8	274	8	274	8	274	8	274	9	274	10	274	10	274	10
275	5	275	7	275	8	275	8	275	8	275	8	275	8	275	9	275	10	275	10	275	10
276	5	276	7	276	8	276	8	276	8	276	8	276	8	276	9	276	9	276	10	276	10
277	5	277	7	277	8	277	8	277	8	277	8	277	8	277	9	277	9	277	10	277	10
278	5	278	7	278	8	278	8	278	8	278	8	278	8	278	9	278	9	278	10	278	10
279	5	279	7	279	8	279	8	279	8	279	8	279	8	279	9	279	9	279	10	279	10
280	5	280	7	280	8	280	8	280	8	280	8	280	8	280	9	280	9	280	9	280	10
281	5	281	7	281	8	281	8	281	8	281	8	281	8	281	9	281	9	281	9	281	10
282	5	282	7	282	8	282	8	282	8	282	8	282	8	282	9	282	9	282	9	282	10
283	5	283	7	283	8	283	8	283	8	283	8	283	8	283	9	283	9	283	9	283	10
284	5	284	7	284	8	284	8	284	8	284	8	284	8	284	9	284	9	284	9	284	10
285	5	285	7	285	7	285	8	285	8	285	8	285	8	285	9	285	9	285	9	285	10
286	5	286	7	286	7	286	8	286	8	286	8	286	8	286	9	286	9	286	9	286	10
287	5	287	7	287	7	287	8	287	8	287	8	287	8	287	9	287	9	287	9	287	10
288	5	288	7	288	7	288	8	288	8	288	8	288	8	288	9	288	9	288	9	288	10
289	5	289	7	289	7	289	8	289	8	289	8	289	8	289	9	289	9	289	9	289	10
290	5	290	7	290	7	290	8	290	7	290	8	290	8	290	8	290	9	290	9	290	10
291	5	291	7	291	7	291	8	291	7	291	8	291	8	291	8	291	9	291	9	291	10
292	5	292	7	292	7	292	8	292	7	292	8	292	8	292	8	292	9	292	9	292	10
293	5	293	7	293	7	293	8	293	7	293	8	293	8	293	8	293	9	293	9	293	10
294	5	294	7	294	7	294	8	294	7	294	8	294	8	294	8	294	9	294	9	294	10
295	5	295	7	295	7	295	7	295	7	295	8	295	8	295	8	295	9	295	9	295	10
296	5	296	7	296	7	296	7	296	7	296	8	296	8	296	8	296	9	296	9	296	10
297	4	297	7	297	7	297	7	297	7	297	8	297	8	297	8	297	9	297	9	297	10
298	4	298	7	298	7	298	7	298	7	298	8	298	8	298	8	298	9	298	9	298	10
299	4	299	7	299	7	299	7	299	7	299	8	299	8	299	8	299	9	299	9	299	10
300	4	300	7	300	7	300	7	300	7	300	7	300	8	300	8	300	8	300	9	300	9
301	4	301	7	301	7	301	7	301	7	301	7	301	8	301	8	301	8	301	9	301	9
302	4	302	7	302	7	302	7	302	7	302	7	302	8	302	8	302	8	302	9	302	9
303	4	303	7	303	7	303	7	303	7	303	7	303	8	303	8	303	8	303	9	303	9
304	4	304	7	304	7	304	7	304	7	304	7	304	8	304	8	304	8	304	9	304	9
305	4	305	7	305	7	305	7	305	7	305	7	305	8	305	8	305	8	305	9	305	9
306	4	306	7	306	7	306	7	306	7	306	7	306	8	306	8	306	8	306	9	306	9
307	4	307	7	307	7	307	7	307	7	307	7	307	8	307	8	307	8	307	9	307	9
308	4	308	7	308	7	308	7	308	7	308	7	308	8	308	8	308	8	308	9	308	9
309	4	309	7	309	7	309	7	309	7	309	7	309	8	309	8	309	8	309	9	309	9
310	4	310	6	310	7	310	7	310	7	310	7	310	8	310	8	310	8	310	9	310	9
311	4	311	6	311	7	311	7	311	7	311	7	311	8	311	8	311	8	311	9	311	9
312	4	312	6	312	7	312	7	312	7	312	7	312	8	312	8	312	8	312	8	312	9
313	4	313	6	313	7	313	7	313	7	313	7	313	8	313	8	313	8	313	8	313	9
314	4	314	6	314	7	314	7	314	7	314	7	314	8	314	8	314	8	314	8	314	9
315	4	315	6	315	7	315	7	315	7	315	7	315	8	315	8	315	8	315	8	315	9
316	4	316	6	316	6	316	7	316	7	316	7	316	8	316	8	316	8	316	8	316	9
317	4	317	6	317	6	317	7	317	7	317	7	317	8	317	8	317	8	317	8	317	9
318	4	318	6	318	6	318	7	318	7	318	7	318	8	318	8	318	8	318	8	318	9
319	4	319	6	319	6	319	7	319	7	319	7	319	8	319	8	319	8	319	8	319	9
320	4	320	6	320	6	320	7	320	7	320	7	320	7	320	8	320	8	320	8	320	9
321	4	321	6	321	6	321	7	321	7	321	7	321	7	321	8	321	8	321	8	321	9
322	4	322	6	322	6	322	7	322	7	322	7	322	7	322	8	322	8	322	8	322	9
323	4	323	6	323	6	323	7	323	7	323	7	323	7	323	8	323	8	323	8	323	8
324	3	324	6	324	6	324	7	324	7	324	7	324	7	324	8	324	8	324	8	324	8
325	3	325	6	325	6	325	7	325	7	325	7	325	7	325	8	325	8	325	8	325	8
326	3	326	6	326	6	326	7	326	7	326	7	326	7	326	8	326	8	326	8	326	8
327	3	327	6	327	6	327	7	327	7	327	7	327	7	327	8	327	8	327	8	327	8
328	3	328	6	328	6	328	7	328	7	328	7	328	7	328	8	328	8	328	8	328	8
329	3	329	6	329	6	329	7	329	7	329	7	329	7	329	8	329	8	329	8	329	8
330	3	330	6	330	6	330	7	330	7	330	7	330	7	330	8	330	8	330	7	330	8
331	3	331	6	331	6	331	7	331	7	331	7	331	7	331	8	331	8	331	7	331	8
332	3	332	6	332	6	332	7	332	7	332	7	332	7	332	8	332	8	332	7	332	8
333	3	333	6	333	6	333	7	333	6	333	7	333	7	333	8	333	8	333	7	333	8
334	3	334	6	334	6	334	7	334	6	334	7	334	7	334	8	334	8	334	7	334	8
335	3	335	6	335	6	335	7	335	6	335	7	335	7	335	8	335	8	335	7	335	8
336	3	336	6	336	6	336	7	336	6	336	7	336	7	336	8	336	8	336	7	336	8
337	3	337	6	337	6	337	7	337	6	337	7	337	7	337	8	337	8	337	7	337	8
338	3	338	6	338	6	338	7	338	6	338	7	338	7	338	8	338	8	338	7	338	8
339	3	339	6	339	6	339	7	339	6	339	7	339	7	339	8	339	8	339	7	339	8
340	3	340	6	340	6	340	7	340	6	340	7	340	7	340	7	340	8	340	7	340	8
341	3	341	6	341	6	341	7	341	6	341	7	341	7	341	7	341	8	341	7	341	8
342	3	342	6	342	6	342	7	342	6	342	7	342	7	342	7	342	7	342	7	342	8
343	3	343	6	343	6	343	7	343	6	343	7	343	7	343	7	343	7	343	7	343	8
344	3	344	6	344	6	344	7	344	6	344	7	344	7	344	7	344	7	344	7	344	8
345	3	345	6	345	6	345	7	345	6	345	7	345	7	345	7	345	7	345	7	345	8
346	3	346	6	346	6	346	7	346	6	346	7	346	7	346	7	346	7	346	7	346	8
347	3	347	6	347	6	347	7	347	6	347	7	347	7	347	7	347	7	347	7	347	8
348	3	348	6	348	6	348	7	348	6	348	7	348	7	348	7	348	7	348	7	348	8
349	3	349	6	349	6	349	7	349	6	349	7	349	7	349	7	349	7	349	7	349	8
350	3	350	6	350	6	350	7	350	6	350	7	350	7	350	7	350	7	350	7	350	7
351	3	351	6	351	6	351	7	351	6	351	7	351	7	351	7	351	7	351	7	351	7
352	3	352	6	352	6	352	7	352	6	352	7	352	7	352	7	352	7	352	7	352	7
353	3	353	6	353	6	353	7	353	6	353	7	353	7	353	7	353	7	353	7	353	7
354	3	354	6	354	6	354	7	354	6	354	7	354	7	354	7	354	7	354	7	354	7
355	3	355	6	355	6	355	7	355	6	355	7	355	7	355	7	355	7	355	7	355	7
356	3	356	6	356	6	356	7	356	6	356	7	356	7	356	7	356	7	356	7	356	7
357	3	357	6	357	6	357	7	357	6	357	7	357	7	357	7	357	7	357	7	357	7
358	3	358	6	358	6	358	7	358	6	358	7	358	7	358	7	358	7	358	6	358	7
359	3	359	6	359	6	359	7	359	6	359	7	359	7	359	7	359	7	359	6	359	7
360	3	360	6	360	6	360	6	360	6	360	7	360	7	360	7	360	7	360	6	360	7
361	3	361	6	361	6	361	6	361	6	361	7	361	7	361	7	361	7	361	6	361	7
362	3	362	6	362	6	362	6	362	6	362	7	362	7	362	7	362	7	362	6	362	7
363	3	363	6	363	6	363	6	363	6	363	7	363	7	363	7	363	7	363	6	363	7
364	3	364	6	364	6	364	6	364	6	364	7	364	7	364	7	364	7	364	6	364	7
365	3	365	5	365	6	365	6	365	6	365	7	365	7	365	7	365	7	365	6	365	7
366	3	366	5	366	6	366	6	366	6	366	7	366	7	366	7	366	7	366	6	366	7
367	3	367	5	367	6	367	6	367	6	367	7	367	7	367	7	367	7	367	6	367	7
368	3	368	5	368	6	368	6	368	6	368	7	368	7	368	7	368	7	368	6	368	7
369	3	369	5	369	6	369	6	369	6	369	7	369	6	369	7	369	7	369	6	369	7
370	3	370	5	370	6	370	6	370	6	370	7	370	6	370	7	370	7	370	6	370	7
371	3	371	5	371	6	371	6	371	6	371	7	371	6	371	7	371	7	371	6	371	7
372	3	372	5	372	6	372	6	372	5	372	6	372	6	372	7	372	7	372	6	372	7
373	3	373	5	373	6	373	6	373	5	373	6	373	6	373	7	373	7	373	6	373	7
374	3	374	5	374	6	374	6	374	5	374	6	374	6	374	7	374	7	374	6	374	7
375	3	375	5	375	6	375	6	375	5	375	6	375	6	375	7	375	7	375	6	375	7
376	3	376	5	376	6	376	6	376	5	376	6	376	6	376	7	376	7	376	6	376	7
377	3	377	5	377	6	377	6	377	5	377	6	377	6	377	7	377	7	377	6	377	7
378	3	378	5	378	6	378	6	378	5	378	6	378	6	378	7	378	7	378	6	378	7
379	3	379	5	379	6	379	6	379	5	379	6	379	6	379	7	379	7	379	6	379	7
380	3	380	5	380	6	380	6	380	5	380	6	380	6	380	7	380	7	380	6	380	7
381	3	381	5	381	6	381	6	381	5	381	6	381	6	381	7	381	7	381	6	381	7
382	3	382	5	382	6	382	6	382	5	382	6	382	6	382	7	382	7	382	6	382	7
383	3	383	5	383	5	383	6	383	5	383	6	383	6	383	6	383	7	383	6	383	7
384	3	384	5	384	5	384	6	384	5	384	6	384	6	384	6	384	7	384	6	384	7
385	3	385	5	385	5	385	5	385	5	385	6	385	6	385	6	385	7	385	6	385	7
386	3	386	5	386	5	386	5	386	5	386	6	386	6	386	6	386	7	386	6	386	7
387	3	387	5	387	5	387	5	387	5	387	6	387	6	387	6	387	7	387	6	387	7
388	3	388	5	388	5	388	5	388	5	388	6	388	6	388	6	388	7	388	6	388	7
389	3	389	5	389	5	389	5	389	5	389	6	389	6	389	6	389	7	389	6	389	7
390	3	390	5	390	5	390	5	390	5	390	6	390	6	390	6	390	7	390	6	390	7
391	3	391	5	391	5	391	5	391	5	391	6	391	6	391	6	391	7	391	6	391	7
392	3	392	5	392	5	392	5	392	5	392	6	392	6	392	6	392	7	392	6	392	7
393	3	393	5	393	5	393	5	393	5	393	6	393	6	393	6	393	7	393	6	393	7
394	3	394	5	394	5	394	5	394	5	394	6	394	6	394	6	394	7	394	6	394	7
395	3	395	5	395	5	395	5	395	5	395	6	395	6	395	6	395	7	395	6	395	7
396	3	396	5	396	5	396	5	396	5	396	6	396	6	396	6	396	7	396	6	396	7
397	3	397	5	397	5	397	5	397	5	397	6	397	6	397	6	397	7	397	6	397	7
398	3	398	5	398	5	398	5	398	5	398	6	398	6	398	6	398	7	398	6	398	7
399	3	399	5	399	5	399	5	399	5	399	6	399	6	399	6	399	7	399	6	399	7
400	3	400	5	400	5	400	5	400	5	400	6	400	6	400	6	400	7	400	6	400	7
401	3	401	5	401	5	401	5	401	5	401	6	401	6	401	6	401	7	401	6	401	7
402	3	402	5	402	5	402	5	402	5	402	6	402	6	402	6	402	7	402	6	402	7
403	3	403	5	403	5	403	5	403	5	403	6	403	6	403	6	403	7	403	6	403	7
404	3	404	5	404	5	404	5	404	5	404	6	404	6	404	6	404	7	404	6	404	7
405	3	405	5	405	5	405	5	405	5	405	6	405	6	405	6	405	7	405	6	405	7
406	3	406	5	406	5	406	5	406	5	406	6	406	6	406	6	406	6	406	6	406	7
407	3	407	5	407	5	407	5	407	5	407	6	407	6	407	6	407	6	407	6	407	7
408	3	408	5	408	5	408	5	408	5	408	6	408	6	408	6	408	6	408	6	408	7
409	3	409	5	409	5	409	5	409	5	409	6	409	6	409	6	409	6	409	6	409	7
410	3	410	4	410	5	410	5	410	5	410	6	410	6	410	6	410	6	410	6	410	7
411	3	411	4	411	5	411	5	411	5	411	6	411	6	411	6	411	6	411	6	411	7
412	3	412	4	412	5	412	5	412	5	412	6	412	6	412	6	412	6	412	6	412	7
413	3	413	4	413	5	413	5	413	5	413	6	413	5	413	6	413	6	413	6	413	7
414	3	414	4	414	5	414	5	414	5	414	6	414	5	414	6	414	6	414	6	414	7
415	3	415	4	415	5	415	5	415	5	415	6	415	5	415	6	415	6	415	6	415	7
416	3	416	4	416	5	416	5	416	5	416	6	416	5	416	6	416	6	416	6	416	7
417	3	417	4	417	5	417	5	417	5	417	6	417	5	417	6	417	6	417	6	417	7
418	3	418	4	418	5	418	5	418	5	418	6	418	5	418	6	418	6	418	6	418	7
419	3	419	4	419	5	419	5	419	5	419	6	419	5	419	6	419	6	419	6	419	7
420	3	420	2	420	3	420	4	420	4	420	5	420	5	420	5	420	6	420	5	420	6
421	3	421	2	421	3	421	4	421	4	421	5	421	5	421	5	421	6	421	5	421	6
422	3	422	2	422	3	422	4	422	4	422	5	422	5	422	5	422	6	422	5	422	6
423	3	423	2	423	2	423	3	423	3	423	5	423	5	423	5	423	6	423	5	423	6
424	3	424	2	424	2	424	3	424	3	424	5	424	5	424	5	424	6	424	5	424	6
425	3	425	2	425	2	425	3	425	3	425	5	425	5	425	5	425	6	425	5	425	6
426	3	426	2	426	2	426	3	426	3	426	5	426	5	426	5	426	6	426	5	426	6
427	3	427	2	427	2	427	3	427	3	427	5	427	5	427	5	427	6	427	5	427	6
428	3	428	2	428	2	428	3	428	3	428	5	428	5	428	5	428	6	428	5	428	6
429	3	429	2	429	2	429	3	429	3	429	5	429	5	429	5	429	6	429	5	429	6
430	3	430	2	430	2	430	3	430	3	430	5	430	5	430	5	430	6	430	5	430	6
431	3	431	2	431	2	431	3	431	3	431	5	431	5	431	5	431	6	431	5	431	6
432	3	432	2	432	2	432	3	432	3	432	5	432	5	432	5	432	6	432	5	432	6
433	3	433	2	433	2	433	3	433	3	433	5	433	5	433	5	433	6	433	5	433	6
434	3	434	2	434	2	434	3	434	3	434	5	434	5	434	5	434	6	434	5	434	6
435	3	435	2	435	2	435	3	435	3	435	5	435	5	435	5	435	6	435	5	435	6
436	3	436	2	436	2	436	3	436	3	436	5	436	5	436	5	436	6	436	5	436	6
437	3	437	2	437	2	437	3	437	3	437	5	437	5	437	5	437	6	437	5	437	6
438	3	438	2	438	2	438	3	438	3	438	5	438	5	438	5	438	6	438	5	438	6
439	3	439	2	439	2	439	3	439	3	439	5	439	5	439	5	439	6	439	5	439	6
440	3	440	2	440	2	440	3	440	3	440	5	440	5	440	5	440	6	440	5	440	6
441	3	441	2	441	2	441	3	441	3	441	5	441	5	441	5	441	6	441	5	441	6
442	3	442	2	442	2	442	3	442	3	442	5	442	5	442	5	442	6	442	5	442	6
443	3	443	2	443	2	443	3	443	3	443	5	443	5	443	5	443	6	443	5	443	6
444	3	444	2	444	2	444	3	444	3	444	5	444	5	444	5	444	6	444	5	444	6
445	3	445	2	445	2	445	3	445	3	445	5	445	5	445	5	445	6	445	5	445	6
446	3	446	2	446	2	446	3	446	3	446	5	446	5	446	5	446	6	446	5	446	6
447	3	447	2	447	2	447	3	447	3	447	5	447	5	447	5	447	6	447	5	447	6
448	3	448	2	448	2	448	3	448	3	448	5	448	5	448	5	448	6	448	5	448	6
449	3	449	2	449	2	449	3	449	3	449	5	449	5	449	5	449	6	449	5	449	6
450	3	450	2	450	2	450	3	450	3	450	5	450	5	450	5	450	6	450	5	450	6
451	3	451	2	451	2	451	3	451	3	451	5	451	5	451	5	451	6	451	5	451	6
452	3	452	2	452	2	452	3	452	3	452	5	452	5	452	5	452	6	452	5	452	6
453	3	453	2	453	2	453	3	453	3	453	5	453	5	453	5	453	6	453	5	453	6
454	3	454	2	454	2	454	3	454	3	454	5	454	5	454	5	454	6	454	5	454	6
455	3	455	2	455	2	455	3	455	3	455	5	455	5	455	5	455	6	455	5	455	6
456	3	456	2	456	2	456	2	456	2	456	5	456	5	456	5	456	6	456	5	456	6
457	3	457	2	457	2	457	2	457	2	457	5	457	5	457	5	457	6	457	5	457	6
458	3	458	2	458	2	458	2	458	2	458	5	458	5	458	5	458	6	458	5	458	6
459	3	459	2	459	2	459	2	459	2	459	5	459	5	459	5	459	6	459	5	459	6
460	3	460	2	460	2	460	2	460	2	460	5	460	5	460	5	460	6	460	5	460	6
461	3	461	2	461	2	461	2	461	2	461	5	461	5	461	5	461	6	461	5	461	6
462	3	462	2	462	2	462	2	462	2	462	5	462	5	462	5	462	6	462	5	462	6
463	3	463	2	463	2	463	2	463	2	463	5	463	5	463	5	463	6	463	5	463	6
464	3	464	2	464	2	464	2	464	2	464	5	464	5	464	5	464	6	464	5	464	6
465	3	465	2	465	2	465	2	465	2	465	5	465	5	465	5	465	6	465	5	465	6
466	3	466	2	466	2	466	2	466	2	466	5	466	5	466	5	466	6	466	5	466	6
467	3	467	2	467	2	467	2	467	2	467	5	467	5	467	5	467	6	467	5	467	6
468	3	468	2	468	2	468	2	468	2	468	5	468	5	468	5	468	6	468	5	468	6
469	3	469	2	469	2	469	2	469	2	469	4	469	5	469	5	469	5	469	5	469	6
470	3	470	2	470	2	470	2	470	2	470	4	470	5	470	5	470	5	470	5	470	6
471	3	471	2	471	2	471	2	471	2	471	4	471	5	471	5	471	5	471	5	471	6
472	3	472	2	472	2	472	2	472	2	472	4	472	5	472	5	472	5	472	5	472	6
473	3	473	2	473	2	473	2	473	2	473	4	473	5	473	5	473	5	473	5	473	6
474	3	474	2	474	2	474	2	474	2	474	4	474	5	474	5	474	5	474	5	474	6
475	3	475	2	475	2	475	2	475	2	475	4	475	5	475	5	475	5	475	5	475	6
476	3	476	2	476	2	476	2	476	2	476	4	476	5	476	5	476	5	476	5	476	6
477	3	477	2	477	2	477	2	477	2	477	4	477	5	477	5	477	5	477	5	477	6
478	3	478	2	478	2	478	2	478	2	478	4	478	5	478	5	478	5	478	5	478	6
479	3	479	2	479	2	479	2	479	2	479	4	479	5	479	5	479	5	479	5	479	6
480	3	480	2	480	2	480	2	480	2	480	4	480	5	480	5	480	5	480	5	480	6
481	3	481	2	481	2	481	2	481	2	481	4	481	5	481	5	481	5	481	5	481	5
482	3	482	2	482	2	482	2	482	2	482	4	482	5	482	5	482	5	482	5	482	5
483	3	483	2	483	2	483	2	483	2	483	4	483	5	483	5	483	5	483	5	483	5
484	3	484	2	484	2	484	2	484	2	484	4	484	5	484	5	484	5	484	5	484	5
485	3	485	2	485	2	485	2	485	2	485	4	485	5	485	5	485	5	485	5	485	5
486	3	486	2	486	2	486	2	486	2	486	4	486	5	486	5	486	5	486	5	486	5
487	3	487	2	487	2	487	2	487	2	487	4	487	5	487	5	487	5	487	5	487	5
488	3	488	2	488	2	488	2	488	2	488	4	488	5	488	5	488	5	488	5	488	5
489	3	489	2	489	2	489	2	489	2	489	4	489	5	489	5	489	5	489	5	489	5
490	3	490	2	490	2	490	2	490	2	490	4	490	5	490	5	490	5	490	5	490	5
491	3	491	2	491	2	491	2	491	2	491	4	491	5	491	5	491	5	491	5	491	5
492	3	492	2	492	2	492	2	492	2	492	4	492	5	492	5	492	5	492	5	492	5
493	3	493	2	493	2	493	2	493	2	493	4	493	5	493	5	493	5	493	5	493	5
494	3	494	2	494	2	494	2	494	2	494	4	494	5	494	5	494	5	494	5	494	5
495	3	495	2	495	2	495	2	495	2	495	4	495	5	495	5	495	5	495	5	495	5
496	3	496	2	496	2	496	2	496	2	496	4	496	5	496	5	496	5	496	5	496	5
497	3	497	2	497	2	497	2	497	2	497	4	497	5	497	5	497	5	497	5	497	5
498	3	498	2	498	2	498	2	498	2	498	4	498	5	498	5	498	5	498	5	498	5
499	3	499	2	499	2	499	2	499	2	499	4	499	5	499	5	499	5	499	5	499	5
500	3	500	2	500	2	500	2	500	2	500	4	500	5	500	5	500	5	500	5	500	5
501	3	501	2	501	2	501	2	501	2	501	4	501	5	501	5	501	5	501	5	501	5
502	3	502	2	502	2	502	2	502	2	502	4	502	5	502	5	502	5	502	5	502	5
503	3	503	2	503	2	503	2	503	2	503	4	503	5	503	5	503	5	503	5	503	5
504	3	504	2	504	2	504	2	504	2	504	4	504	5	504	5	504	5	504	5	504	5
505	3	505	2	505	2	505	2	505	2	505	4	505	5	505	5	505	5	505	5	505	5
506	3	506	2	506	2	506	2	506	2	506	4	506	5	506	5	506	5	506	5	506	5
507	3	507	2	507	2	507	2	507	2	507	4	507	5	507	5	507	5	507	5	507	5
508	3	508	2	508	2	508	2	508	2	508	4	508	5	508	5	508	5	508	5	508	5
509	3	509	2	509	2	509	2	509	2	509	4	509	5	509	5	509	5	509	5	509	5
510	3	510	2	510	2	510	2	510	2	510	4	510	5	510	5	510	5	510	5	510	5
511	3	511	2	511	2	511	2	511	2	511	4	511	5	511	5	511	5	511	5	511	5
512	3	512	2	512	2	512	2	512	2	512	4	512	5	512	5	512	5	512	5	512	5
513	2	513	2	513	2	513	2	513	2	513	4	513	5	513	5	513	5	513	5	513	5
514	2	514	2	514	2	514	2	514	2	514	4	514	5	514	5	514	5	514	5	514	5
515	2	515	2	515	2	515	2	515	2	515	4	515	5	515	5	515	5	515	5	515	5
516	2	516	2	516	2	516	2	516	2	516	4	516	5	516	5	516	5	516	5	516	5
517	2	517	2	517	2	517	2	517	2	517	4	517	5	517	5	517	5	517	5	517	5
518	2	518	2	518	2	518	2	518	2	518	4	518	5	518	5	518	5	518	5	518	5
519	2	519	2	519	2	519	2	519	2	519	4	519	5	519	5	519	5	519	5	519	5
520	2	520	2	520	2	520	2	520	2	520	4	520	5	520	5	520	5	520	5	520	5
521	2	521	2	521	2	521	2	521	2	521	4	521	5	521	5	521	5	521	5	521	5
522	2	522	2	522	2	522	2	522	2	522	4	522	5	522	5	522	5	522	5	522	5
523	2	523	2	523	2	523	2	523	2	523	4	523	5	523	5	523	5	523	5	523	5
524	2	524	2	524	2	524	2	524	2	524	4	524	5	524	5	524	5	524	5	524	5
525	2	525	2	525	2	525	2	525	2	525	4	525	5	525	5	525	5	525	5	525	5
526	2	526	2	526	2	526	2	526	2	526	4	526	5	526	5	526	5	526	5	526	5
527	2	527	2	527	2	527	2	527	2	527	4	527	5	527	5	527	5	527	5	527	5
528	2	528	2	528	2	528	2	528	2	528	4	528	5	528	5	528	5	528	5	528	5
529	2	529	2	529	2	529	2	529	2	529	4	529	5	529	5	529	5	529	5	529	5
530	2	530	2	530	2	530	2	530	2	530	4	530	5	530	5	530	5	530	5	530	5
531	2	531	2	531	2	531	2	531	2	531	4	531	5	531	5	531	5	531	5	531	5
532	2	532	2	532	2	532	2	532	2	532	4	532	5	532	5	532	5	532	5	532	5
533	2	533	2	533	2	533	2	533	2	533	4	533	5	533	5	533	5	533	5	533	5
534	2	534	2	534	2	534	2	534	2	534	4	534	5	534	5	534	5	534	5	534	5
535	2	535	2	535	2	535	2	535	2	535	3	535	4	535	5	535	5	535	5	535	5
536	2	536	2	536	2	536	2	536	2	536	3	536	4	536	5	536	5	536	5	536	5
537	2	537	2	537	2	537	2	537	2	537	3	537	4	537	5	537	5	537	5	537	5
538	2	538	2	538	2	538	2	538	2	538	3	538	4	538	5	538	5	538	5	538	5
539	2	539	2	539	2	539	2	539	2	539	3	539	4	539	5	539	5	539	5	539	5
540	2	540	2	540	2	540	2	540	2	540	3	540	4	540	5	540	5	540	5	540	5
541	2	541	2	541	2	541	2	541	2	541	3	541	4	541	5	541	5	541	5	541	5
542	2	542	2	542	2	542	2	542	2	542	3	542	4	542	5	542	5	542	5	542	5
543	2	543	2	543	2	543	2	543	2	543	3	543	4	543	5	543	5	543	5	543	5
544	2	544	2	544	2	544	2	544	2	544	3	544	4	544	5	544	5	544	5	544	5
545	2	545	2	545	2	545	2	545	2	545	2	545	3	545	4	545	5	545	5	545	5
546	2	546	2	546	2	546	2	546	2	546	2	546	3	546	4	546	5	546	5	546	5
547	2	547	2	547	2	547	2	547	2	547	2	547	3	547	4	547	5	547	5	547	5
548	2	548	2	548	2	548	2	548	2	548	2	548	3	548	4	548	5	548	5	548	5
549	2	549	2	549	2	549	2	549	2	549	2	549	3	549	4	549	5	549	5	549	5
550	2	550	2	550	2	550	2	550	2	550	2	550	3	550	4	550	5	550	5	550	5
551	2	551	2	551	2	551	2	551	2	551	2	551	3	551	4	551	5	551	5	551	5
552	2	552	2	552	2	552	2	552	2	552	2	552	3	552	4	552	5	552	5	552	5
553	2	553	2	553	2	553	2	553	2	553	2	553	3	553	4	553	5	553	5	553	5
554	2	554	2	554	2	554	2	554	2	554	2	554	3	554	4	554	5	554	5	554	5
555	2	555	2	555	2	555	2	555	2	555	2	555	3	555	4	555	5	555	5	555	5
556	2	556	2	556	2	556	2	556	2	556	2	556	3	556	4	556	5	556	5	556	5
557	2	557	2	557	2	557	2	557	2	557	2	557	3	557	4	557	5	557	5	557	5
558	2	558	2	558	2	558	2	558	2	558	2	558	3	558	4	558	5	558	5	558	5
559	2	559	2	559	2	559	2	559	2	559	2	559	3	559	4	559	5	559	5	559	5
560	2	560	2	560	2	560	2	560	2	560	2	560	3	560	4	560	5	560	5	560	5
561	2	561	2	561	2	561	2	561	2	561	2	561	3	561	4	561	5	561	5	561	5
562	2	562	2	562	2	562	2	562	2	562	2	562	3	562	4	562	5	562	5	562	5
563	2	563	2	563	2	563	2	563	2	563	2	563	3	563	4	563	5	563	5	563	5
564	2	564	2	564	2	564	2	564	2	564	2	564	2	564	3	564	4	564	4	564	5
565	2	565	2	565	2	565	2	565	2	565	2	565	2	565	3	565	4	565	4	565	4
566	2	566	2	566	2	566	2	566	2	566	2	566	2	566	3	566	4	566	4	566	4
567	2	567	2	567	2	567	2	567	2	567	2	567	2	567	3	567	4	567	4	567	4
568	2	568	2	568	2	568	2	568	2	568	2	568	2	568	3	568	4	568	4	568	4
569	2	569	2	569	2	569	2	569	2	569	2	569	2	569	3	569	4	569	4	569	4
570	2	570	2	570	2	570	2	570	2	570	2	570	2	570	3	570	4	570	4	570	4
571	2	571	2	571	2	571	2	571	2	571	2	571	2	571	3	571	4	571	4	571	4
572	2	572	2	572	2	572	2	572	2	572	2	572	2	572	3	572	4	572	4	572	4
573	2	573	2	573	2	573	2	573	2	573	2	573	2	573	3	573	4	573	4	573	4
574	2	574	2	574	2	574	2	574	2	574	2	574	2	574	3	574	4	574	4	574	4
575	2	575	2	575	2	575	2	575	2	575	2	575	2	575	3	575	4	575	4	575	4
576	2	576	2	576	2	576	2	576	2	576	2	576	2	576	3	576	4	576	4	576	4
577	2	577	2	577	2	577	2	577	2	577	2	577	2	577	3	577	4	577	4	577	4
578	2	578	2	578	2	578	2	578	2	578	2	578	2	578	3	578	4	578	4	578	4
579	2	579	2	579	2	579	2	579	2	579	2	579	2	579	3	579	4	579	4	579	4
580	2	580	2	580	2	580	2	580	2	580	2	580	2	580	3	580	4	580	4	580	4
581	2	581	2	581	2	581	2	581	2	581	2	581	2	581	3	581	4	581	4	581	4
582	2	582	2	582	2	582	2	582	2	582	2	582	2	582	3	582	4	582	4	582	4
583	2	583	2	583	2	583	2	583	2	583	2	583	2	583	3	583	4	583	4	583	4
584	2	584	2	584	2	584	2	584	2	584	2	584	2	584	3	584	4	584	4	584	4
585	2	585	2	585	2	585	2	585	2	585	2	585	2	585	3	585	4	585	4	585	4
586	2	586	2	586	2	586	2	586	2	586	2	586	2	586	3	586	4	586	4	586	4
587	2	587	2	587	2	587	2	587	2	587	2	587	2	587	3	587	4	587	4	587	4
588	2	588	2	588	2	588	2	588	2	588	2	588	2	588	3	588	4	588	4	588	4
589	2	589	2	589	2	589	2	589	2	589	2	589	2	589	3	589	4	589	4	589	4
590	2	590	2	590	2	590	2	590	2	590	2	590	2	590	3	590	4	590	4	590	4
591	2	591	2	591	2	591	2	591	2	591	2	591	2	591	3	591	4	591	4	591	4
592	2	592	2	592	2	592	2	592	2	592	2	592	2	592	3	592	4	592	4	592	4
593	2	593	2	593	2	593	2	593	2	593	2	593	2	593	3	593	4	593	4	593	4
594	2	594	2	594	2	594	2	594	2	594	2	594	2	594	3	594	4	594	4	594	4
595	2	595	2	595	2	595	2	595	2	595	2	595	2	595	3	595	4	595	4	595	4
596	2	596	2	596	2	596	2	596	2	596	2	596	2	596	3	596	4	596	4	596	4
597	2	597	2	597	2	597	2	597	2	597	2	597	2	597	3	597	4	597	4	597	4
598	2	598	2	598	2	598	2	598	2	598	2	598	2	598	3	598	4	598	4	598	4
599	2	599	2	599	2	599	2	599	2	599	2	599	2	599	3	599	4	599	4	599	4
600	2	600	2	600	2	600	2	600	2	600	2	600	2	600	3	600	4	600	4	600	4
601	2	601	2	601	2	601	2	601	2	601	2	601	2	601	3	601	4	601	4	601	4
602	2	602	2	602	2	602	2	602	2	602	2	602	2	602	3	602	4	602	4	602	4
603	2	603	2	603	2	603	2	603	2	603	2	603	2	603	3	603	4	603	4	603	4
604	2	604	2	604	2	604	2	604	2	604	2	604	2	604	3	604	4	604	4	604	4
605	2	605	2	605	2	605	2	605	2	605	2	605	2	605	3	605	4	605	4	605	4
606	2	606	2	606	2	606	2	606	2	606	2	606	2	606	3	606	4	606	4	606	4
607	2	607	2	607	2	607	2	607	2	607	2	607	2	607	3	607	4	607	4	607	4
608	2	608	2	608	2	608	2	608	2	608	2	608	2	608	3	608	4	608	4	608	4
609	2	609	2	609	2	609	2	609	2	609	2	609	2	609	3	609	4	609	4	609	4
610	2	610	2	610	2	610	2	610	2	610	2	610	2	610	3	610	4	610	4	610	4
611	2	611	2	611	2	611	2	611	2	611	2	611	2	611	3	611	4	611	4	611	4
612	2	612	2	612	2	612	2	612	2	612	2	612	2	612	3	612	4	612	4	612	4
613	2	613	2	613	2	613	2	613	2	613	2	613	2	613	3	613	4	613	4	613	4
614	2	614	2	614	2	614	2	614	2	614	2	614	2	614	3	614	4	614	4	614	4
615	2	615	2	615	2	615	2	615	2	615	2	615	2	615	3	615	4	615	4	615	4
616	2	616	2	616	2	616	2	616	2	616	2	616	2	616	3	616	4	616	4	616	4
617	2	617	2	617	2	617	2	617	2	617	2	617	2	617	3	617	4	617	4	617	4
618	2	618	2	618	2	618	2	618	2	618	2	618	2	618	3	618	4	618	4	618	4
619	2	619	2	619	2	619	2	619	2	619	2	619	2	619	3	619	4	619	4	619	4
620	2	620	2	620	2	620	2	620	2	620	2	620	2	620	3	620	4	620	4	620	4
621	2	621	2	621	2	621	2	621	2	621	2	621	2	621	3	621	4	621	4	621	4
622	2	622	2	622	2	622	2	622	2	622	2	622	2	622	3	622	4	622	4	622	4
623	2	623	2	623	2	623	2	623	2	623	2	623	2	623	3	623	4	623	4	623	4
624	2	624	2	624	2	624	2	624	2	624	2	624	2	624	3	624	4	624	4	624	4
625	2	625	2	625	2	625	2	625	2	625	2	625	2	625	3	625	4	625	4	625	4
626	2	626	2	626	2	626	2	626	2	626	2	626	2	626	3	626	4	626	4	626	4
627	2	627	2	627	2	627	2	627	2	627	2	627	2	627	3	627	4	627	4	627	4
628	2	628	2	628	2	628	2	628	2	628	2	628	2	628	3	628	4	628	4	628	4
629	2	629	2	629	2	629	2	629	2	629	2	629	2	629	3	629	4	629	4	629	4
630	2	630	2	630	2	630	2	630	2	630	2	630	2	630	3	630	4	630	4	630	4
631	2	631	2	631	2	631	2	631	2	631	2	631	2	631	3	631	4	631	4	631	4
632	2	632	2	632	2	632	2	632	2	632	2	632	2	632	3	632	4	632	4	632	4
633	2	633	2	633	2	633	2	633	2	633	2	633	2	633	3	633	4	633	4	633	4
634	2	634	2	634	2	634	2	634	2	634	2	634	2	634	3	634	4	634	4	634	4
635	2	635	2	635	2	635	2	635	2	635	2	635	2	635	3	635	4	635	4	635	4
636	2	636	2	636	2	636	2	636	2	636	2	636	2	636	2	636	3	636	2	636	2
637	2	637	2	637	2	637	2	637	2	637	2	637	2	637	2	637	2	637	2	637	2
638	2	638	2	638	2	638	2	638	2	638	2	638	2	638	2	638	2	638	2	638	2
639	2	639	2	639	2	639	2	639	2	639	2	639	2	639	2	639	2	639	2	639	2
640	2	640	2	640	2	640	2	640	2	640	2	640	2	640	2	640	2	640	2	640	2
641	2	641	2	641	2	641	2	641	2	641	2	641	2	641	2	641	2	641	2	641	2
642	2	642	2	642	2	642	2	642	2	642	2	642	2	642	2	642	2	642	2	642	2
643	2	643	2	643	2	643	2	643	2	643	2	643	2	643	2	643	2	643	2	643	2
644	2	644	2	644	2	644	2	644	2	644	2	644	2	644	2	644	2	644	2	644	2
645	2	645	2	645	2	645	2	645	2	645	2	645	2	645	2	645	2	645	2	645	2
646	2	646	2	646	2	646	2	646	2	646	2	646	2	646	2	646	2	646	2	646	2
647	2	647	2	647	2	647	2	647	2	647	2	647	2	647	2	647	2	647	2	647	2
648	2	648	2	648	2	648	2	648	2	648	2	648	2	648	2	648	2	648	2	648	2
649	2	649	2	649	2	649	2	649	2	649	2	649	2	649	2	649	2	649	2	649	2
650	2	650	2	650	2	650	2	650	2	650	2	650	2	650	2	650	2	650	2	650	2
651	2	651	2	651	2	651	2	651	2	651	2	651	2	651	2	651	2	651	2	651	2
652	2	652	2	652	2	652	2	652	2	652	2	652	2	652	2	652	2	652	2	652	2
653	2	653	2	653	2	653	2	653	2	653	2	653	2	653	2	653	2	653	2	653	2
654	2	654	2	654	2	654	2	654	2	654	2	654	2	654	2	654	2	654	2	654	2
655	2	655	2	655	2	655	2	655	2	655	2	655	2	655	2	655	2	655	2	655	2
656	2	656	2	656	2	656	2	656	2	656	2	656	2	656	2	656	2	656	2	656	2
657	2	657	2	657	2	657	2	657	2	657	2	657	2	657	2	657	2	657	2	657	2
658	2	658	2	658	2	658	2	658	2	658	2	658	2	658	2	658	2	658	2	658	2
659	2	659	2	659	2	659	2	659	2	659	2	659	2	659	2	659	2	659	2	659	2
660	2	660	2	660	2	660	2	660	2	660	2	660	2	660	2	660	2	660	2	660	2
661	2	661	2	661	2	661	2	661	2	661	2	661	2	661	2	661	2	661	2	661	2
662	2	662	2	662	2	662	2	662	2	662	2	662	2	662	2	662	2	662	2	662	2
663	2	663	2	663	2	663	2	663	2	663	2	663	2	663	2	663	2	663	2	663	2
664	2	664	2	664	2	664	2	664	2	664	2	664	2	664	2	664	2	664	2	664	2
665	2	665	2	665	2	665	2	665	2	665	2	665	2	665	2	665	2	665	2	665	2
666	2	666	2	666	2	666	2	666	2	666	2	666	2	666	2	666	2	666	2	666	2
667	2	667	2	667	2	667	2	667	2	667	2	667	2	667	2	667	2	667	2	667	2
668	2	668	2	668	2	668	2	668	2	668	2	668	2	668	2	668	2	668	2	668	2
669	2	669	2	669	2	669	2	669	2	669	2	669	2	669	2	669	2	669	2	669	2
670	2	670	2	670	2	670	2	670	2	670	2	670	2	670	2	670	2	670	2	670	2
671	2	671	2	671	2	671	2	671	2	671	2	671	2	671	2	671	2	671	2	671	2
672	2	672	2	672	2	672	2	672	2	672	2	672	2	672	2	672	2	672	2	672	2
673	2	673	2	673	2	673	2	673	2	673	2	673	2	673	2	673	2	673	2	673	2
674	2	674	2	674	2	674	2	674	2	674	2	674	2	674	2	674	2	674	2	674	2
675	2	675	2	675	2	675	2	675	2	675	2	675	2	675	2	675	2	675	2	675	2
676	2	676	2	676	2	676	2	676	2	676	2	676	2	676	2	676	2	676	2	676	2
677	2	677	2	677	2	677	2	677	2	677	2	677	2	677	2	677	2	677	2	677	2
678	2	678	2	678	2	678	2	678	2	678	2	678	2	678	2	678	2	678	2	678	2
679	2	679	2	679	2	679	2	679	2	679	2	679	2	679	2	679	2	679	2	679	2
680	2	680	2	680	2	680	2	680	2	680	2	680	2	680	2	680	2	680	2	680	2
681	2	681	2	681	2	681	2	681	2	681	2	681	2	681	2	681	2	681	2	681	2
682	2	682	2	682	2	682	2	682	2	682	2	682	2	682	2	682	2	682	2	682	2
683	2	683	2	683	2	683	2	683	2	683	2	683	2	683	2	683	2	683	2	683	2
684	2	684	2	684	2	684	2	684	2	684	2	684	2	684	2	684	2	684	2	684	2
685	2	685	2	685	2	685	2	685	2	685	2	685	2	685	2	685	2	685	2	685	2
686	2	686	2	686	2	686	2	686	2	686	2	686	2	686	2	686	2	686	2	686	2
687	2	687	2	687	2	687	2	687	2	687	2	687	2	687	2	687	2	687	2	687	2
688	2	688	2	688	2	688	2	688	2	688	2	688	2	688	2	688	2	688	2	688	2
689	2	689	2	689	2	689	2	689	2	689	2	689	2	689	2	689	2	689	2	689	2
690	2	690	2	690	2	690	2	690	2	690	2	690	2	690	2	690	2	690	2	690	2
691	2	691	2	691	2	691	2	691	2	691	2	691	2	691	2	691	2	691	2	691	2
692	2	692	2	692	2	692	2	692	2	692	2	692	2	692	2	692	2	692	2	692	2
693	2	693	2	693	2	693	2	693	2	693	2	693	2	693	2	693	2	693	2	693	2
694	2	694	2	694	2	694	2	694	2	694	2	694	2	694	2	694	2	694	2	694	2
695	2	695	2	695	2	695	2	695	2	695	2	695	2	695	2	695	2	695	2	695	2
696	2	696	2	696	2	696	2	696	2	696	2	696	2	696	2	696	2	696	2	696	2
697	2	697	2	697	2	697	2	697	2	697	2	697	2	697	2	697	2	697	2	697	2
698	2	698	2	698	2	698	2	698	2	698	2	698	2	698	2	698	2	698	2	698	2
699	2	699	2	699	2	699	2	699	2	699	2	699	2	699	2	699	2	699	2	699	2
700	2	700	2	700	2	700	2	700	2	700	2	700	2	700	2	700	2	700	2	700	2
701	2	701	2	701	2	701	2	701	2	701	2	701	2	701	2	701	2	701	2	701	2
702	2	702	2	702	2	702	2	702	2	702	2	702	2	702	2	702	2	702	2	702	2
703	2	703	2	703	2	703	2	703	2	703	2	703	2	703	2	703	2	703	2	703	2
704	2	704	2	704	2	704	2	704	2	704	2	704	2	704	2	704	2	704	2	704	2
705	2	705	2	705	2	705	2	705	2	705	2	705	2	705	2	705	2	705	2	705	2
706	2	706	2	706	2	706	2	706	2	706	2	706	2	706	2	706	2	706	2	706	2
707	2	707	2	707	2	707	2	707	2	707	2	707	2	707	2	707	2	707	2	707	2
708	2	708	2	708	2	708	2	708	2	708	2	708	2	708	2	708	2	708	2	708	2
709	2	709	2	709	2	709	2	709	2	709	2	709	2	709	2	709	2	709	2	709	2
710	2	710	2	710	2	710	2	710	2	710	2	710	2	710	2	710	2	710	2	710	2
711	2	711	2	711	2	711	2	711	2	711	2	711	2	711	2	711	2	711	2	711	2
712	2	712	2	712	2	712	2	712	2	712	2	712	2	712	2	712	2	712	2	712	2
713	2	713	2	713	2	713	2	713	2	713	2	713	2	713	2	713	2	713	2	713	2
714	2	714	2	714	2	714	2	714	2	714	2	714	2	714	2	714	2	714	2	714	2
715	2	715	2	715	2	715	2	715	2	715	2	715	2	715	2	715	2	715	2	715	2
716	2	716	2	716	2	716	2	716	2	716	2	716	2	716	2	716	2	716	2	716	2
717	2	717	2	717	2	717	2	717	2	717	2	717	2	717	2	717	2	717	2	717	2
718	2	718	2	718	2	718	2	718	2	718	2	718	2	718	2	718	2	718	2	718	2
719	2	719	2	719	2	719	2	719	2	719	2	719	2	719	2	719	2	719	2	719	2
720	2	720	2	720	2	720	2	720	2	720	2	720	2	720	2	720	2	720	2	720	2
721	2	721	2	721	2	721	2	721	2	721	2	721	2	721	2	721	2	721	2	721	2
722	2	722	2	722	2	722	2	722	2	722	2	722	2	722	2	722	2	722	2	722	2
723	2	723	2	723	2	723	2	723	2	723	2	723	2	723	2	723	2	723	2	723	2
724	2	724	2	724	2	724	2	724	2	724	2	724	2	724	2	724	2	724	2	724	2
725	2	725	2	725	2	725	2	725	2	725	2	725	2	725	2	725	2	725	2	725	2
726	2	726	2	726	2	726	2	726	2	726	2	726	2	726	2	726	2	726	2	726	2
727	2	727	2	727	2	727	2	727	2	727	2	727	2	727	2	727	2	727	2	727	2
728	2	728	2	728	2	728	2	728	2	728	2	728	2	728	2	728	2	728	2	728	2
729	2	729	2	729	2	729	2	729	2	729	2	729	2	729	2	729	2	729	2	729	2
730	2	730	2	730	2	730	2	730	2	730	2	730	2	730	2	730	2	730	2	730	2
731	2	731	2	731	2	731	2	731	2	731	2	731	2	731	2	731	2	731	2	731	2
732	2	732	2	732	2	732	2	732	2	732	2	732	2	732	2	732	2	732	2	732	2
733	2	733	2	733	2	733	2	733	2	733	2	733	2	733	2	733	2	733	2	733	2
734	2	734	2	734	2	734	2	734	2	734	2	734	2	734	2	734	2	734	2	734	2
735	2	735	2	735	2	735	2	735	2	735	2	735	2	735	2	735	2	735	2	735	2
736	2	736	2	736	2	736	2	736	2	736	2	736	2	736	2	736	2	736	2	736	2
737	2	737	2	737	2	737	2	737	2	737	2	737	2	737	2	737	2	737	2	737	2
738	2	738	2	738	2	738	2	738	2	738	2	738	2	738	2	738	2	738	2	738	2
739	2	739	2	739	2	739	2	739	2	739	2	739	2	739	2	739	2	739	2	739	2
740	2	740	2	740	2	740	2	740	2	740	2	740	2	740	2	740	2	740	2	740	2
741	2	741	2	741	2	741	2	741	2	741	2	741	2	741	2	741	2	741	2	741	2
742	2	742	2	742	2	742	2	742	2	742	2	742	2	742	2	742	2	742	2	742	2
743	2	743	2	743	2	743	2	743	2	743	2	743	2	743	2	743	2	743	2	743	2
744	2	744	2	744	2	744	2	744	2	744	2	744	2	744	2	744	2	744	2	744	2
745	2	745	2	745	2	745	2	745	2	745	2	745	2	745	2	745	2	745	2	745	2
746	2	746	2	746	2	746	2	746	2	746	2	746	2	746	2	746	2	746	2	746	2
747	2	747	2	747	2	747	2	747	2	747	2	747	2	747	2	747	2	747	2	747	2
748	2	748	2	748	2	748	2	748	2	748	2	748	2	748	2	748	2	748	2	748	2
749	2	749	2	749	2	749	2	749	2	749	2	749	2	749	2	749	2	749	2	749	2
750	2	750	2	750	2	750	2	750	2	750	2	750	2	750	2	750	2	750	2	750	2
751	2	751	2	751	2	751	2	751	2	751	2	751	2	751	2	751	2	751	2	751	2
752	2	752	2	752	2	752	2	752	2	752	2	752	2	752	2	752	2	752	2	752	2
753	2	753	2	753	2	753	2	753	2	753	2	753	2	753	2	753	2	753	2	753	2
754	2	754	2	754	2	754	2	754	2	754	2	754	2	754	2	754	2	754	2	754	2
755	2	755	2	755	2	755	2	755	2	755	2	755	2	755	2	755	2	755	2	755	2
756	2	756	2	756	2	756	2	756	2	756	2	756	2	756	2	756	2	756	2	756	2
757	2	757	2	757	2	757	2	757	2	757	2	757	2	757	2	757	2	757	2	757	2
758	2	758	2	758	2	758	2	758	2	758	2	758	2	758	2	758	2	758	2	758	2
759	2	759	2	759	2	759	2	759	2	759	2	759	2	759	2	759	2	759	2	759	2
760	2	760	2	760	2	760	2	760	2	760	2	760	2	760	2	760	2	760	2	760	2
761	2	761	2	761	2	761	2	761	2	761	2	761	2	761	2	761	2	761	2	761	2
762	2	762	2	762	2	762	2	762	2	762	2	762	2	762	2	762	2	762	2	762	2
763	2	763	2	763	2	763	2	763	2	763	2	763	2	763	2	763	2	763	2	763	2
764	2	764	2	764	2	764	2	764	2	764	2	764	2	764	2	764	2	764	2	764	2
765	2	765	2	765	2	765	2	765	2	765	2	765	2	765	2	765	2	765	2	765	2
766	2	766	2	766	2	766	2	766	2	766	2	766	2	766	2	766	2	766	2	766	2
767	2	767	2	767	2	767	2	767	2	767	2	767	2	767	2	767	2	767	2	767	2
768	2	768	2	768	2	768	2	768	2	768	2	768	2	768	2	768	2	768	2	768	2
769	2	769	2	769	2	769	2	769	2	769	2	769	2	769	2	769	2	769	2	769	2
770	2	770	2	770	2	770	2	770	2	770	2	770	2	770	2	770	2	770	2	770	2
771	2	771	2	771	2	771	2	771	2	771	2	771	2	771	2	771	2	771	2	771	2
772	2	772	2	772	2	772	2	772	2	772	2	772	2	772	2	772	2	772	2	772	2
773	2	773	2	773	2	773	2	773	2	773	2	773	2	773	2	773	2	773	2	773	2
774	2	774	2	774	2	774	2	774	2	774	2	774	2	774	2	774	2	774	2	774	2
775	2	775	2	775	2	775	2	775	2	775	2	775	2	775	2	775	2	775	2	775	2
776	2	776	2	776	2	776	2	776	2	776	2	776	2	776	2	776	2	776	2	776	2
777	2	777	2	777	2	777	2	777	2	777	2	777	2	777	2	777	2	777	2	777	2
778	2	778	2	778	2	778	2	778	2	778	2	778	2	778	2	778	2	778	2	778	2
779	2	779	2	779	2	779	2	779	2	779	2	779	2	779	2	779	2	779	2	779	2
780	2	780	2	780	2	780	2	780	2	780	2	780	2	780	2	780	2	780	2	780	2
781	2	781	2	781	2	781	2	781	2	781	2	781	2	781	2	781	2	781	2	781	2
782	2	782	2	782	2	782	2	782	2	782	2	782	2	782	2	782	2	782	2	782	2
783	2	783	2	783	2	783	2	783	2	783	2	783	2	783	2	783	2	783	2	783	2
784	2	784	2	784	2	784	2	784	2	784	2	784	2	784	2	784	2	784	2	784	2
785	2	785	2	785	2	785	2	785	2	785	2	785	2	785	2	785	2	785	2	785	2
786	2	786	2	786	2	786	2	786	2	786	2	786	2	786	2	786	2	786	2	786	2
787	2	787	2	787	2	787	2	787	2	787	2	787	2	787	2	787	2	787	2	787	2
788	2	788	2	788	2	788	2	788	2	788	2	788	2	788	2	788	2	788	2	788	2
789	2	789	2	789	2	789	2	789	2	789	2	789	2	789	2	789	2	789	2	789	2
790	2	790	2	790	2	790	2	790	2	790	2	790	2	790	2	790	2	790	2	790	2
791	2	791	2	791	2	791	2	791	2	791	2	791	2	791	2	791	2	791	2	791	2
792	2	792	2	792	2	792	2	792	2	792	2	792	2	792	2	792	2	792	2	792	2
793	2	793	2	793	2	793	2	793	2	793	2	793	2	793	2	793	2	793	2	793	2
794	2	794	2	794	2	794	2	794	2	794	2	794	2	794	2	794	2	794	2	794	2
795	2	795	2	795	2	795	2	795	2	795	2	795	2	795	2	795	2	795	2	795	2
796	2	796	2	796	2	796	2	796	2	796	2	796	2	796	2	796	2	796	2	796	2
797	2	797	2	797	2	797	2	797	2	797	2	797	2	797	2	797	2	797	2	797	2
798	2	798	2	798	2	798	2	798	2	798	2	798	2	798	2	798	2	798	2	798	2
799	2	799	2	799	2	799	2	799	2	799	2	799	2	799	2	799	2	799	2	799	2
800	2	800	2	800	2	800	2	800	2	800	2	800	2	800	2	800	2	800	2	800	2
801	2	801	2	801	2	801	2	801	2	801	2	801	2	801	2	801	2	801	2	801	2
802	2	802	2	802	2	802	2	802	2	802	2	802	2	802	2	802	2	802	2	802	2
803	2	803	2	803	2	803	2	803	2	803	2	803	2	803	2	803	2	803	2	803	2
804	2	804	2	804	2	804	2	804	2	804	2	804	2	804	2	804	2	804	2	804	2
805	2	805	2	805	2	805	2	805	2	805	2	805	2	805	2	805	2	805	2	805	2
806	2	806	2	806	2	806	2	806	2	806	2	806	2	806	2	806	2	806	2	806	2
807	2	807	2	807	2	807	2	807	2	807	2	807	2	807	2	807	2	807	2	807	2
808	2	808	2	808	2	808	2	808	2	808	2	808	2	808	2	808	2	808	2	808	2
809	2	809	2	809	2	809	2	809	2	809	2	809	2	809	2	809	2	809	2	809	2
810	2	810	2	810	2	810	2	810	2	810	2	810	2	810	2	810	2	810	2	810	2
811	2	811	2	811	2	811	2	811	2	811	2	811	2	811	2	811	2	811	2	811	2
812	2	812	2	812	2	812	2	812	2	812	2	812	2	812	2	812	2	812	2	812	2
813	2	813	2	813	2	813	2	813	2	813	2	813	2	813	2	813	2	813	2	813	2
814	2	814	2	814	2	814	2	814	2	814	2	814	2	814	2	814	2	814	2	814	2
815	2	815	2	815	2	815	2	815	2	815	2	815	2	815	2	815	2	815	2	815	2
816	2	816	2	816	2	816	2	816	2	816	2	816	2	816	2	816	2	816	2	816	2
817	2	817	2	817	2	817	2	817	2	817	2	817	2	817	2	817	2	817	2	817	2
818	2	818	2	818	2	818	2	818	2	818	2	818	2	818	2	818	2	818	2	818	2
819	2	819	2	819	2	819	2	819	2	819	2	819	2	819	2	819	2	819	2	819	2
820	2	820	2	820	2	820	2	820	2	820	2	820	2	820	2	820	2	820	2	820	2
821	2	821	2	821	2	821	2	821	2	821	2	821	2	821	2	821	2	821	2	821	2
822	2	822	2	822	2	822	2	822	2	822	2	822	2	822	2	822	2	822	2	822	2
823	2	823	2	823	2	823	2	823	2	823	2	823	2	823	2	823	2	823	2	823	2
824	2	824	2	824	2	824	2	824	2	824	2	824	2	824	2	824	2	824	2	824	2
825	2	825	2	825	2	825	2	825	2	825	2	825	2	825	2	825	2	825	2	825	2
826	2	826	2	826	2	826	2	826	2	826	2	826	2	826	2	826	2	826	2	826	2
827	2	827	2	827	2	827	2	827	2	827	2	827	2	827	2	827	2	827	2	827	2
828	2	828	2	828	2	828	2	828	2	828	2	828	2	828	2	828	2	828	2	828	2
829	2	829	2	829	2	829	2	829	2	829	2	829	2	829	2	829	2	829	2	829	2
830	2	830	2	830	2	830	2	830	2	830	2	830	2	830	2	830	2	830	2	830	2
831	2	831	2	831	2	831	2	831	2	831	2	831	2	831	2	831	2	831	2	831	2
832	2	832	2	832	2	832	2	832	2	832	2	832	2	832	2	832	2	832	2	832	2
833	2	833	2	833	2	833	2	833	2	833	2	833	2	833	2	833	2	833	2	833	2
834	2	834	2	834	2	834	2	834	2	834	2	834	2	834	2	834	2	834	2	834	2
835	2	835	2	835	2	835	2	835	2	835	2	835	2	835	2	835	2	835	2	835	2
836	2	836	2	836	2	836	2	836	2	836	2	836	2	836	2	836	2	836	2	836	2
837	2	837	2	837	2	837	2	837	2	837	2	837	2	837	2	837	2	837	2	837	2
838	2	838	2	838	2	838	2	838	2	838	2	838	2	838	2	838	2	838	2	838	2
839	2	839	2	839	2	839	2	839	2	839	2	839	2	839	2	839	2	839	2	839	2
840	2	840	2	840	2	840	2	840	2	840	2	840	2	840	2	840	2	840	2	840	2
841	2	841	2	841	2	841	2	841	2	841	2	841	2	841	2	841	2	841	2	841	2
842	2	842	2	842	2	842	2	842	2	842	2	842	2	842	2	842	2	842	2	842	2
843	2	843	2	843	2	843	2	843	2	843	2	843	2	843	2	843	2	843	2	843	2
844	2	844	2	844	2	844	2	844	2	844	2	844	2	844	2	844	2	844	2	844	2
845	2	845	2	845	2	845	2	845	2	845	2	845	2	845	2	845	2	845	2	845	2
846	2	846	2	846	2	846	2	846	2	846	2	846	2	846	2	846	2	846	2	846	2
847	2	847	2	847	2	847	2	847	2	847	2	847	2	847	2	847	2	847	2	847	2
848	2	848	2	848	2	848	2	848	2	848	2	848	2	848	2	848	2	848	2	848	2
849	2	849	2	849	2	849	2	849	2	849	2	849	2	849	2	849	2	849	2	849	2
850	2	850	2	850	2	850	2	850	2	850	2	850	2	850	2	850	2	850	2	850	2
851	2	851	2	851	2	851	2	851	2	851	2	851	2	851	2	851	2	851	2	851	2
852	2	852	2	852	2	852	2	852	2	852	2	852	2	852	2	852	2	852	2	852	2
853	2	853	2	853	2	853	2	853	2	853	2	853	2	853	2	853	2	853	2	853	2
854	2	854	2	854	2	854	2	854	2	854	2	854	2	854	2	854	2	854	2	854	2
855	2	855	2	855	2	855	2	855	2	855	2	855	2	855	2	855	2	855	2	855	2
856	2	856	2	856	2	856	2	856	2	856	2	856	2	856	2	856	2	856	2	856	2
857	2	857	2	857	2	857	2	857	2	857	2	857	2	857	2	857	2	857	2	857	2
858	2	858	2	858	2	858	2	858	2	858	2	858	2	858	2	858	2	858	2	858	2
859	2	859	2	859	2	859	2	859	2	859	2	859	2	859	2	859	2	859	2	859	2
860	2	860	2	860	2	860	2	860	2	860	2	860	2	860	2	860	2	860	2	860	2
861	2	861	2	861	2	861	2	861	2	861	2	861	2	861	2	861	2	861	2	861	2
862	2	862	2	862	2	862	2	862	2	862	2	862	2	862	2	862	2	862	2	862	2
863	2	863	2	863	2	863	2	863	2	863	2	863	2	863	2	863	2	863	2	863	2
864	2	864	2	864	2	864	2	864	2	864	2	864	2	864	2	864	2	864	2	864	2
865	2	865	2	865	2	865	2	865	2	865	2	865	2	865	2	865	2	865	2	865	2
866	2	866	2	866	2	866	2	866	2	866	2	866	2	866	2	866	2	866	2	866	2
867	2	867	2	867	2	867	2	867	2	867	2	867	2	867	2	867	2	867	2	867	2
868	2	868	2	868	2	868	2	868	2	868	2	868	2	868	2	868	2	868	2	868	2
869	2	869	2	869	2	869	2	869	2	869	2	869	2	869	2	869	2	869	2	869	2
870	2	870	2	870	2	870	2	870	2	870	2	870	2	870	2	870	2	870	2	870	2
871	2	871	2	871	2	871	2	871	2	871	2	871	2	871	2	871	2	871	2	871	2
872	2	872	2	872	2	872	2	872	2	872	2	872	2	872	2	872	2	872	2	872	2
873	2	873	2	873	2	873	2	873	2	873	2	873	2	873	2	873	2	873	2	873	2
874	2	874	2	874	2	874	2	874	2	874	2	874	2	874	2	874	2	874	2	874	2
875	2	875	2	875	2	875	2	875	2	875	2	875	2	875	2	875	2	875	2	875	2
876	2	876	2	876	2	876	2	876	2	876	2	876	2	876	2	876	2	876	2	876	2
877	2	877	2	877	2	877	2	877	2	877	2	877	2	877	2	877	2	877	2	877	2
878	2	878	2	878	2	878	2	878	2	878	2	878	2	878	2	878	2	878	2	878	2
879	2	879	2	879	2	879	2	879	2	879	2	879	2	879	2	879	2	879	2	879	2
880	2	880	2	880	2	880	2	880	2	880	2	880	2	880	2	880	2	880	2	880	2
881	2	881	2	881	2	881	2	881	2	881	2	881	2	881	2	881	2	881	2	881	2
882	2	882	2	882	2	882	2	882	2	882	2	882	2	882	2	882	2	882	2	882	2
883	2	883	2	883	2	883	2	883	2	883	2	883	2	883	2	883	2	883	2	883	2
884	2	884	2	884	2	884	2	884	2	884	2	884	2	884	2	884	2	884	2	884	2
885	2	885	2	885	2	885	2	885	2	885	2	885	2	885	2	885	2	885	2	885	2
886	2	886	2	886	2	886	2	886	2	886	2	886	2	886	2	886	2	886	2	886	2
887	2	887	2	887	2	887	2	887	2	887	2	887	2	887	2	887	2	887	2	887	2
888	2	888	2	888	2	888	2	888	2	888	2	888	2	888	2	888	2	888	2	888	2
889	2	889	2	889	2	889	2	889	2	889	2	889	2	889	2	889	2	889	2	889	2
890	2	890	2	890	2	890	2	890	2	890	2	890	2	890	2	890	2	890	2	890	2
891	2	891	2	891	2	891	2	891	2	891	2	891	2	891	2	891	2	891	2	891	2
892	2	892	2	892	2	892	2	892	2	892	2	892	2	892	2	892	2	892	2	892	2
893	2	893	2	893	2	893	2	893	2	893	2	893	2	893	2	893	2	893	2	893	2
894	2	894	2	894	2	894	2	894	2	894	2	894	2	894	2	894	2	894	2	894	2
895	2	895	2	895	2	895	2	895	2	895	2	895	2	895	2	895	2	895	2	895	2
896	2	896	2	896	2	896	2	896	2	896	2	896	2	896	2	896	2	896	2	896	2
897	2	897	2	897	2	897	2	897	2	897	2	897	2	897	2	897	2	897	2	897	2
898	2	898	2	898	2	898	2	898	2	898	2	898	2	898	2	898	2	898	2	898	2
899	2	899	2	899	2	899	2	899	2	899	2	899	2	899	2	899	2	899	2	899	2
900	2	900	2	900	2	900	2	900	2	900	2	900	2	900	2	900	2	900	2	900	2
901	2	901	2	901	2	901	2	901	2	901	2	901	2	901	2	901	2	901	2	901	2
902	2	902	2	902	2	902	2	902	2	902	2	902	2	902	2	902	2	902	2	902	2
903	2	903	2	903	2	903	2	903	2	903	2	903	2	903	2	903	2	903	2	903	2
904	2	904	2	904	2	904	2	904	2	904	2	904	2	904	2	904	2	904	2	904	2
905	2	905	2	905	2	905	2	905	2	905	2	905	2	905	2	905	2	905	2	905	2
906	2	906	2	906	2	906	2	906	2	906	2	906	2	906	2	906	2	906	2	906	2
907	2	907	2	907	2	907	2	907	2	907	2	907	2	907	2	907	2	907	2	907	2
908	2	908	2	908	2	908	2	908	2	908	2	908	2	908	2	908	2	908	2	908	2
909	2	909	2	909	2	909	2	909	2	909	2	909	2	909	2	909	2	909	2	909	2
910	2	910	2	910	2	910	2	910	2	910	2	910	2	910	2	910	2	910	2	910	2
911	2	911	2	911	2	911	2	911	2	911	2	911	2	911	2	911	2	911	2	911	2
912	2	912	2	912	2	912	2	912	2	912	2	912	2	912	2	912	2	912	2	912	2
913	2	913	2	913	2	913	2	913	2	913	2	913	2	913	2	913	2	913	2	913	2
914	2	914	2	914	2	914	2	914	2	914	2	914	2	914	2	914	2	914	2	914	2
915	2	915	2	915	2	915	2	915	2	915	2	915	2	915	2	915	2	915	2	915	2
916	2	916	2	916	2	916	2	916	2	916	2	916	2	916	2	916	2	916	2	916	2
917	2	917	2	917	2	917	2	917	2	917	2	917	2	917	2	917	2	917	2	917	2
918	2	918	2	918	2	918	2	918	2	918	2	918	2	918	2	918	2	918	2	918	2
919	2	919	2	919	2	919	2	919	2	919	2	919	2	919	2	919	2	919	2	919	2
920	2	920	2	920	2	920	2	920	2	920	2	920	2	920	2	920	2	920	2	920	2
921	2	921	2	921	2	921	2	921	2	921	2	921	2	921	2	921	2	921	2	921	2
922	2	922	2	922	2	922	2	922	2	922	2	922	2	922	2	922	2	922	2	922	2
923	2	923	2	923	2	923	2	923	2	923	2	923	2	923	2	923	2	923	2	923	2
924	2	924	2	924	2	924	2	924	2	924	2	924	2	924	2	924	2	924	2	924	2
925	2	925	2	925	2	925	2	925	2	925	2	925	2	925	2	925	2	925	2	925	2
926	2	926	2	926	2	926	2	926	2	926	2	926	2	926	2	926	2	926	2	926	2
927	2	927	2	927	2	927	2	927	2	927	2	927	2	927	2	927	2	927	2	927	2
928	2	928	2	928	2	928	2	928	2	928	2	928	2	928	2	928	2	928	2	928	2
929	2	929	2	929	2	929	2	929	2	929	2	929	2	929	2	929	2	929	2	929	2
930	2	930	2	930	2	930	2	930	2	930	2	930	2	930	2	930	2	930	2	930	2
931	2	931	2	931	2	931	2	931	2	931	2	931	2	931	2	931	2	931	2	931	2
932	2	932	2	932	2	932	2	932	2	932	2	932	2	932	2	932	2	932	2	932	2
933	2	933	2	933	2	933	2	933	2	933	2	933	2	933	2	933	2	933	2	933	2
934	2	934	2	934	2	934	2	934	2	934	2	934	2	934	2	934	2	934	2	934	2
935	2	935	2	935	2	935	2	935	2	935	2	935	2	935	2	935	2	935	2	935	2
936	2	936	2	936	2	936	2	936	2	936	2	936	2	936	2	936	2	936	2	936	2
937	2	937	2	937	2	937	2	937	2	937	2	937	2	937	2	937	2	937	2	937	2
938	2	938	2	938	2	938	2	938	2	938	2	938	2	938	2	938	2	938	2	938	2
939	2	939	2	939	2	939	2	939	2	939	2	939	2	939	2	939	2	939	2	939	2
940	2	940	2	940	2	940	2	940	2	940	2	940	2	940	2	940	2	940	2	940	2
941	2	941	2	941	2	941	2	941	2	941	2	941	2	941	2	941	2	941	2	941	2
942	2	942	2	942	2	942	2	942	2	942	2	942	2	942	2	942	2	942	2	942	2
943	2	943	2	943	2	943	2	943	2	943	2	943	2	943	2	943	2	943	2	943	2
944	2	944	2	944	2	944	2	944	2	944	2	944	2	944	2	944	2	944	2	944	2
945	2	945	2	945	2	945	2	945	2	945	2	945	2	945	2	945	2	945	2	945	2
946	2	946	2	946	2	946	2	946	2	946	2	946	2	946	2	946	2	946	2	946	2
947	2	947	2	947	2	947	2	947	2	947	2	947	2	947	2	947	2	947	2	947	2
948	2	948	2	948	2	948	2	948	2	948	2	948	2	948	2	948	2	948	2	948	2
949	2	949	2	949	2	949	2	949	2	949	2	949	2	949	2	949	2	949	2	949	2
950	2	950	2	950	2	950	2	950	2	950	2	950	2	950	2	950	2	950	2	950	2
951	2	951	2	951	2	951	2	951	2	951	2	951	2	951	2	951	2	951	2	951	2
952	2	952	2	952	2	952	2	952	2	952	2	952	2	952	2	952	2	952	2	952	2
953	2	953	2	953	2	953	2	953	2	953	2	953	2	953	2	953	2	953	2	953	2
954	2	954	2	954	2	954	2	954	2	954	2	954	2	954	2	954	2	954	2	954	2
955	2	955	2	955	2	955	2	955	2	955	2	955	2	955	2	955	2	955	2	955	2
956	2	956	2	956	2	956	2	956	2	956	2	956	2	956	2	956	2	956	2	956	2
957	2	957	2	957	2	957	2	957	2	957	2	957	2	957	2	957	2	957	2	957	2
958	2	958	2	958	2	958	2	958	2	958	2	958	2	958	2	958	2	958	2	958	2
959	2	959	2	959	2	959	2	959	2	959	2	959	2	959	2	959	2	959	2	959	2
960	2	960	2	960	2	960	2	960	2	960	2	960	2	960	2	960	2	960	2	960	2
961	2	961	2	961	2	961	2	961	2	961	2	961	2	961	2	961	2	961	2	961	2
962	2	962	2	962	2	962	2	962	2	962	2	962	2	962	2	962	2	962	2	962	2
963	2	963	2	963	2	963	2	963	2	963	2	963	2	963	2	963	2	963	2	963	2
964	2	964	2	964	2	964	2	964	2	964	2	964	2	964	2	964	2	964	2	964	2
965	2	965	2	965	2	965	2	965	2	965	2	965	2	965	2	965	2	965	2	965	2
966	2	966	2	966	2	966	2	966	2	966	2	966	2	966	2	966	2	966	2	966	2
967	2	967	2	967	2	967	2	967	2	967	2	967	2	967	2	967	2	967	2	967	2
968	2	968	2	968	2	968	2	968	2	968	2	968	2	968	2	968	2	968	2	968	2
969	2	969	2	969	2	969	2	969	2	969	2	969	2	969	2	969	2	969	2	969	2
970	2	970	2	970	2	970	2	970	2	970	2	970	2	970	2	970	2	970	2	970	2
971	2	971	2	971	2	971	2	971	2	971	2	971	2	971	2	971	2	971	2	971	2
972	2	972	2	972	2	972	2	972	2	972	2	972	2	972	2	972	2	972	2	972	2
973	2	973	2	973	2	973	2	973	2	973	2	973	2	973	2	973	2	973	2	973	2
974	2	974	2	974	2	974	2	974	2	974	2	974	2	974	2	974	2	974	2	974	2
975	2	975	2	975	2	975	2	975	2	975	2	975	2	975	2	975	2	975	2	975	2
976	2	976	2	976	2	976	2	976	2	976	2	976	2	976	2	976	2	976	2	976	2
977	2	977	2	977	2	977	2	977	2	977	2	977	2	977	2	977	2	977	2	977	2
978	2	978	2	978	2	978	2	978	2	978	2	978	2	978	2	978	2	978	2	978	2
979	2	979	2	979	2	979	2	979	2	979	2	979	2	979	2	979	2	979	2	979	2
980	2	980	2	980	2	980	2	980	2	980	2	980	2	980	2	980	2	980	2	980	2
981	2	981	2	981	2	981	2	981	2	981	2	981	2	981	2	981	2	981	2	981	2
982	2	982	2	982	2	982	2	982	2	982	2	982	2	982	2	982	2	982	2	982	2
983	2	983	2	983	2	983	2	983	2	983	2	983	2	983	2	983	2	983	2	983	2
984	2	984	2	984	2	984	2	984	2	984	2	984	2	984	2	984	2	984	2	984	2
985	2	985	2	985	2	985	2	985	2	985	2	985	2	985	2	985	2	985	2	985	2
986	2	986	2	986	2	986	2	986	2	986	2	986	2	986	2	986	2	986	2	986	2
987	2	987	2	987	2	987	2	987	2	987	2	987	2	987	2	987	2	987	2	987	2
988	2	988	2	988	2	988	2	988	2	988	2	988	2	988	2	988	2	988	2	988	2
989	2	989	2	989	2	989	2	989	2	989	2	989	2	989	2	989	2	989	2	989	2
990	2	990	2	990	2	990	2	990	2	990	2	990	2	990	2	990	2	990	2	990	2
991	2	991	2	991	2	991	2	991	2	991	2	991	2	991	2	991	2	991	2	991	2
992	2	992	2	992	2	992	2	992	2	992	2	992	2	992	2	992	2	992	2	992	2
993	2	993	2	993	2	993	2	993	2	993	2	993	2	993	2	993	2	993	2	993	2
994	2	994	2	994	2	994	2	994	2	994	2	994	2	994	2	994	2	994	2	994	2
995	2	995	2	995	2	995	2	995	2	995	2	995	2	995	2	995	2	995	2	995	2
996	2	996	2	996	2	996	2	996	2	996	2	996	2	996	2	996	2	996	2	996	2
997	2	997	2	997	2	997	2	997	2	997	2	997	2	997	2	997	2	997	2	997	2
998	2	998	2	998	2	998	2	998	2	998	2	998	2	998	2	998	2	998	2	998	2
999	2	999	2	999	2	999	2	999	2	999	2	999	2	999	2	999	2	999	2	999	2
1000	2	1000	2	1000	2	1000	2	1000	2	1000	2	1000	2	1000	2	1000	2	1000	2	1000	2
