0-49	0-49	50-56	50-56	57-59	57-59	60-62	60-62	63-65	63-65	66-68	66-68	69-71	69-71	72-74	72-74	75-77	75-77	78-80	78-80	81-100	81-100
0.5	2	0.5	2	0.5	2	0.5	2	0.5	2	0.5	2	0.5	2	0.5	2	0.5	2	0.5	2	0.5	2
1	2	1	2	1	2	1	2	1	2	1	2	1	2	1	2	1	2	1	2	1	2
2	2	2	2	2	2	2	2	2	2	2	2	2	2	2	2	2	2	2	2	2	2
3	2	3	2	3	2	3	2	3	2	3	2	3	2	3	2	3	2	3	2	3	2
4	2	4	2	4	2	4	2	4	2	4	2	4	2	4	2	4	2	4	2	4	2
5	2	5	2	5	2	5	2	5	2	5	2	5	2	5	2	5	2	5	2	5	2
6	2	6	2	6	2	6	2	6	2	6	2	6	2	6	2	6	2	6	2	6	2
7	2	7	2	7	2	7	2	7	2	7	2	7	2	7	2	7	2	7	2	7	2
8	2	8	2	8	2	8	2	8	2	8	2	8	2	8	2	8	2	8	2	8	2
9	2	9	2	9	2	9	2	9	2	9	2	9	2	9	2	9	2	9	2	9	2
10	2	10	2	10	2	10	2	10	2	10	2	10	2	10	2	10	2	10	2	10	2
11	2	11	2	11	2	11	2	11	2	11	2	11	2	11	2	11	2	11	2	11	2
12	2	12	2	12	2	12	2	12	2	12	2	12	2	12	2	12	2	12	2	12	2
13	2	13	2	13	2	13	2	13	2	13	2	13	2	13	2	13	2	13	2	13	2
14	2	14	2	14	2	14	2	14	2	14	2	14	2	14	2	14	2	14	2	14	2
15	2	15	2	15	2	15	2	15	2	15	2	15	2	15	2	15	2	15	2	15	2
16	2	16	2	16	2	16	2	16	2	16	2	16	2	16	2	16	2	16	2	16	2
17	2	17	2	17	2	17	2	17	2	17	2	17	2	17	2	17	2	17	2	17	2
18	2	18	2	18	2	18	2	18	2	18	2	18	2	18	2	18	2	18	2	18	2
19	2	19	2	19	2	19	2	19	2	19	2	19	2	19	2	19	2	19	2	19	2
20	2	20	2	20	2	20	2	20	2	20	2	20	2	20	2	20	2	20	2	20	2
21	2	21	2	21	2	21	2	21	2	21	2	21	2	21	2	21	2	21	2	21	4
22	2	22	2	22	2	22	2	22	2	22	2	22	2	22	2	22	2	22	2	22	5
23	2	23	2	23	2	23	2	23	2	23	2	23	2	23	2	23	3	23	2	23	5
24	2	24	2	24	2	24	2	24	2	24	2	24	3	24	3	24	4	24	2	24	5
25	2	25	3	25	2	25	2	25	2	25	2	25	3	25	3	25	4	25	2	25	5
26	2	26	3	26	2	26	2	26	2	26	2	26	3	26	3	26	4	26	2	26	5
27	2	27	3	27	2	27	2	27	2	27	2	27	3	27	3	27	4	27	2	27	5
28	2	28	3	28	2	28	2	28	2	28	2	28	3	28	3	28	4	28	2	28	5
29	2	29	3	29	2	29	2	29	2	29	2	29	3	29	3	29	4	29	2	29	5
30	2	30	3	30	2	30	2	30	2	30	2	30	3	30	3	30	4	30	2	30	5
31	2	31	3	31	2	31	2	31	2	31	3	31	4	31	4	31	5	31	2	31	5
32	2	32	3	32	2	32	2	32	2	32	3	32	4	32	4	32	5	32	3	32	5
33	2	33	3	33	2	33	2	33	2	33	3	33	5	33	5	33	5	33	5	33	5
34	2	34	3	34	2	34	2	34	2	34	3	34	5	34	5	34	5	34	5	34	5
35	2	35	3	35	2	35	2	35	2	35	3	35	5	35	5	35	5	35	5	35	5
36	2	36	3	36	2	36	2	36	2	36	3	36	5	36	5	36	5	36	5	36	5
37	2	37	3	37	2	37	2	37	2	37	3	37	5	37	5	37	5	37	5	37	5
38	2	38	3	38	2	38	2	38	2	38	3	38	5	38	5	38	5	38	5	38	5
39	2	39	3	39	2	39	2	39	2	39	3	39	5	39	5	39	5	39	5	39	5
40	2	40	3	40	2	40	2	40	2	40	3	40	5	40	5	40	5	40	5	40	5
41	2	41	3	41	2	41	2	41	2	41	3	41	5	41	5	41	5	41	5	41	5
42	2	42	3	42	2	42	2	42	2	42	3	42	5	42	5	42	6	42	6	42	6
43	2	43	3	43	2	43	3	43	3	43	4	43	5	43	5	43	6	43	6	43	6
44	2	44	4	44	4	44	5	44	4	44	4	44	5	44	5	44	6	44	6	44	6
45	2	45	4	45	4	45	5	45	4	45	4	45	5	45	5	45	6	45	6	45	6
46	2	46	4	46	4	46	5	46	5	46	5	46	5	46	5	46	6	46	6	46	6
47	2	47	4	47	5	47	5	47	5	47	5	47	5	47	5	47	6	47	6	47	6
48	2	48	4	48	5	48	5	48	5	48	5	48	5	48	6	48	6	48	6	48	6
49	2	49	4	49	5	49	5	49	5	49	5	49	5	49	6	49	6	49	6	49	6
50	2	50	4	50	5	50	5	50	5	50	5	50	5	50	6	50	6	50	6	50	6
51	2	51	4	51	5	51	5	51	5	51	5	51	5	51	6	51	6	51	7	51	7
52	2	52	4	52	5	52	5	52	5	52	5	52	5	52	6	52	6	52	7	52	7
53	2	53	4	53	5	53	5	53	5	53	5	53	5	53	6	53	6	53	7	53	7
54	2	54	4	54	5	54	5	54	6	54	5	54	6	54	6	54	6	54	7	54	7
55	2	55	4	55	5	55	5	55	6	55	5	55	6	55	6	55	7	55	7	55	8
56	2	56	5	56	5	56	6	56	6	56	5	56	6	56	6	56	7	56	8	56	8
57	2	57	5	57	5	57	6	57	6	57	5	57	6	57	6	57	7	57	8	57	8
58	2	58	5	58	5	58	6	58	6	58	6	58	6	58	6	58	7	58	8	58	8
59	2	59	5	59	5	59	6	59	6	59	6	59	6	59	6	59	7	59	8	59	8
60	2	60	5	60	5	60	6	60	6	60	6	60	7	60	7	60	7	60	8	60	8
61	2	61	6	61	5	61	6	61	7	61	6	61	7	61	7	61	7	61	8	61	8
62	2	62	6	62	5	62	6	62	7	62	6	62	7	62	7	62	8	62	8	62	8
63	2	63	6	63	5	63	6	63	7	63	6	63	7	63	7	63	8	63	8	63	8
64	2	64	6	64	5	64	6	64	7	64	6	64	7	64	7	64	8	64	8	64	8
65	2	65	6	65	6	65	6	65	7	65	6	65	7	65	7	65	8	65	8	65	8
66	2	66	6	66	6	66	6	66	7	66	7	66	7	66	7	66	8	66	8	66	9
67	2	67	6	67	6	67	7	67	7	67	7	67	7	67	7	67	8	67	8	67	9
68	2	68	6	68	6	68	7	68	7	68	7	68	7	68	8	68	8	68	9	68	9
69	2	69	6	69	7	69	7	69	7	69	7	69	7	69	8	69	8	69	9	69	9
70	2	70	6	70	7	70	7	70	7	70	7	70	7	70	8	70	8	70	9	70	9
71	2	71	6	71	7	71	7	71	8	71	7	71	8	71	8	71	9	71	9	71	9
72	3	72	7	72	7	72	7	72	8	72	8	72	8	72	8	72	9	72	9	72	9
73	3	73	7	73	7	73	7	73	8	73	8	73	8	73	8	73	9	73	9	73	9
74	3	74	7	74	7	74	8	74	8	74	8	74	9	74	8	74	9	74	9	74	9
75	3	75	7	75	7	75	8	75	8	75	8	75	9	75	8	75	9	75	9	75	9
76	3	76	7	76	7	76	8	76	8	76	8	76	9	76	9	76	9	76	10	76	10
77	3	77	7	77	7	77	8	77	9	77	8	77	9	77	9	77	9	77	10	77	10
78	4	78	7	78	7	78	8	78	9	78	9	78	9	78	9	78	10	78	10	78	10
79	4	79	7	79	7	79	8	79	9	79	9	79	9	79	9	79	10	79	10	79	10
80	4	80	8	80	8	80	8	80	9	80	9	80	10	80	9	80	10	80	10	80	10
81	4	81	8	81	8	81	9	81	9	81	9	81	10	81	9	81	10	81	10	81	10
82	4	82	8	82	8	82	9	82	9	82	9	82	10	82	10	82	10	82	10	82	10
83	4	83	8	83	8	83	9	83	9	83	10	83	10	83	10	83	10	83	10	83	10
84	4	84	8	84	8	84	9	84	9	84	10	84	10	84	10	84	10	84	11	84	11
85	4	85	8	85	8	85	9	85	10	85	10	85	10	85	10	85	10	85	11	85	11
86	4	86	8	86	8	86	9	86	10	86	10	86	10	86	10	86	11	86	11	86	11
87	4	87	8	87	9	87	9	87	10	87	10	87	10	87	10	87	11	87	11	87	11
88	5	88	8	88	9	88	9	88	10	88	10	88	10	88	10	88	11	88	11	88	11
89	5	89	9	89	9	89	9	89	10	89	10	89	10	89	10	89	11	89	11	89	12
90	5	90	9	90	9	90	9	90	10	90	10	90	10	90	11	90	11	90	12	90	12
91	5	91	9	91	9	91	10	91	10	91	10	91	11	91	11	91	11	91	12	91	12
92	5	92	9	92	9	92	10	92	10	92	11	92	11	92	11	92	12	92	12	92	12
93	5	93	9	93	9	93	10	93	10	93	11	93	11	93	11	93	12	93	12	93	12
94	6	94	9	94	10	94	10	94	10	94	11	94	11	94	11	94	12	94	12	94	12
95	6	95	9	95	10	95	10	95	10	95	11	95	11	95	11	95	12	95	12	95	12
96	6	96	9	96	10	96	10	96	10	96	11	96	11	96	12	96	12	96	12	96	13
97	6	97	10	97	10	97	10	97	10	97	11	97	12	97	12	97	13	97	12	97	13
98	6	98	10	98	10	98	10	98	11	98	11	98	12	98	12	98	13	98	13	98	13
99	7	99	10	99	10	99	10	99	11	99	12	99	13	99	13	99	13	99	13	99	13
100	7	100	10	100	11	100	11	100	12	100	12	100	13	100	13	100	13	100	13	100	14
101	7	101	11	101	11	101	11	101	12	101	12	101	13	101	13	101	14	101	14	101	14
102	8	102	11	102	11	102	11	102	12	102	12	102	13	102	13	102	14	102	14	102	14
103	8	103	11	103	11	103	11	103	12	103	12	103	13	103	13	103	14	103	14	103	14
104	8	104	11	104	11	104	11	104	13	104	12	104	13	104	13	104	14	104	14	104	14
105	9	105	11	105	11	105	12	105	13	105	12	105	13	105	14	105	14	105	15	105	15
106	9	106	11	106	12	106	12	106	13	106	12	106	13	106	14	106	14	106	15	106	15
107	9	107	11	107	12	107	12	107	13	107	12	107	14	107	14	107	14	107	15	107	15
108	9	108	12	108	12	108	12	108	13	108	12	108	14	108	14	108	14	108	15	108	15
109	10	109	12	109	12	109	12	109	13	109	13	109	14	109	14	109	14	109	15	109	15
110	10	110	12	110	12	110	12	110	13	110	13	110	14	110	14	110	15	110	15	110	15
111	10	111	12	111	13	111	13	111	13	111	13	111	14	111	14	111	15	111	15	111	15
112	10	112	12	112	13	112	13	112	13	112	13	112	14	112	15	112	15	112	15	112	15
113	10	113	13	113	13	113	13	113	13	113	13	113	15	113	15	113	15	113	15	113	15
114	10	114	13	114	13	114	13	114	13	114	13	114	15	114	15	114	15	114	15	114	15
115	11	115	13	115	13	115	13	115	14	115	13	115	15	115	16	115	16	115	16	115	16
116	11	116	13	116	13	116	13	116	14	116	14	116	16	116	16	116	16	116	16	116	16
117	11	117	13	117	13	117	13	117	14	117	14	117	16	117	16	117	16	117	16	117	16
118	11	118	13	118	13	118	13	118	14	118	14	118	16	118	16	118	16	118	16	118	16
119	12	119	13	119	13	119	13	119	14	119	14	119	16	119	16	119	16	119	16	119	16
120	12	120	14	120	14	120	14	120	14	120	14	120	16	120	16	120	17	120	18	120	18
121	12	121	14	121	14	121	14	121	15	121	15	121	17	121	17	121	18	121	18	121	18
122	12	122	14	122	14	122	14	122	15	122	15	122	17	122	17	122	18	122	18	122	18
123	13	123	14	123	14	123	14	123	15	123	15	123	17	123	17	123	18	123	18	123	18
124	13	124	15	124	15	124	15	124	15	124	15	124	17	124	18	124	18	124	18	124	18
125	13	125	15	125	15	125	15	125	16	125	16	125	17	125	18	125	18	125	18	125	18
126	13	126	15	126	15	126	15	126	16	126	16	126	17	126	18	126	18	126	18	126	18
127	14	127	16	127	16	127	16	127	16	127	16	127	17	127	18	127	18	127	18	127	18
128	14	128	16	128	16	128	16	128	16	128	16	128	17	128	18	128	18	128	18	128	18
129	14	129	16	129	16	129	16	129	16	129	16	129	17	129	18	129	18	129	18	129	18
130	14	130	16	130	16	130	16	130	16	130	16	130	17	130	18	130	18	130	18	130	18
131	14	131	18	131	18	131	18	131	18	131	18	131	18	131	18	131	18	131	18	131	18
132	14	132	18	132	18	132	18	132	18	132	18	132	18	132	18	132	18	132	18	132	18
133	14	133	18	133	18	133	18	133	18	133	18	133	18	133	18	133	18	133	18	133	18
134	15	134	18	134	18	134	18	134	18	134	18	134	18	134	18	134	18	134	18	134	18
135	15	135	18	135	18	135	18	135	18	135	18	135	18	135	18	135	18	135	18	135	18
136	15	136	18	136	18	136	18	136	18	136	18	136	18	136	18	136	18	136	18	136	18
137	15	137	18	137	18	137	18	137	18	137	18	137	18	137	18	137	18	137	18	137	18
138	15	138	18	138	18	138	18	138	18	138	18	138	18	138	18	138	18	138	18	138	18
139	15	139	18	139	18	139	18	139	18	139	18	139	18	139	18	139	18	139	18	139	18
140	15	140	18	140	18	140	18	140	18	140	18	140	18	140	18	140	18	140	18	140	18
141	15	141	18	141	18	141	18	141	18	141	18	141	18	141	18	141	18	141	18	141	18
142	16	142	18	142	18	142	18	142	18	142	18	142	18	142	18	142	18	142	18	142	18
143	16	143	18	143	18	143	18	143	18	143	18	143	18	143	18	143	18	143	18	143	18
144	16	144	18	144	18	144	18	144	18	144	18	144	18	144	18	144	18	144	18	144	18
145	17	145	18	145	18	145	18	145	18	145	18	145	18	145	18	145	18	145	18	145	18
146	17	146	18	146	18	146	18	146	18	146	18	146	18	146	18	146	18	146	18	146	18
147	17	147	18	147	18	147	18	147	18	147	18	147	18	147	18	147	18	147	18	147	18
148	17	148	18	148	18	148	18	148	18	148	18	148	18	148	18	148	18	148	18	148	18
149	17	149	18	149	18	149	18	149	18	149	18	149	18	149	18	149	18	149	18	149	18
150	17	150	18	150	18	150	18	150	18	150	18	150	18	150	18	150	18	150	18	150	18
151	17	151	18	151	18	151	18	151	18	151	18	151	18	151	18	151	18	151	18	151	18
152	17	152	18	152	18	152	18	152	18	152	18	152	18	152	18	152	18	152	18	152	18
153	17	153	18	153	18	153	18	153	18	153	18	153	18	153	18	153	18	153	18	153	18
154	18	154	18	154	18	154	18	154	18	154	18	154	18	154	18	154	18	154	18	154	18
155	18	155	18	155	18	155	18	155	18	155	18	155	18	155	18	155	18	155	18	155	18
156	18	156	18	156	18	156	18	156	18	156	18	156	18	156	18	156	18	156	18	156	18
157	18	157	18	157	18	157	18	157	18	157	18	157	18	157	18	157	18	157	18	157	18
158	18	158	18	158	18	158	18	158	18	158	18	158	18	158	18	158	18	158	18	158	18
159	18	159	18	159	18	159	18	159	18	159	18	159	18	159	18	159	18	159	18	159	18
160	18	160	18	160	18	160	18	160	18	160	18	160	18	160	18	160	18	160	18	160	18
161	18	161	18	161	18	161	18	161	18	161	18	161	18	161	18	161	18	161	18	161	18
162	18	162	18	162	18	162	18	162	18	162	18	162	18	162	18	162	18	162	18	162	18
163	18	163	18	163	18	163	18	163	18	163	18	163	18	163	18	163	18	163	18	163	18
164	18	164	18	164	18	164	18	164	18	164	18	164	18	164	18	164	18	164	18	164	18
165	18	165	18	165	18	165	18	165	18	165	18	165	18	165	18	165	18	165	18	165	18
166	18	166	18	166	18	166	18	166	18	166	18	166	18	166	18	166	18	166	18	166	18
167	18	167	18	167	18	167	18	167	18	167	18	167	18	167	18	167	18	167	18	167	18
168	18	168	18	168	18	168	18	168	18	168	18	168	18	168	18	168	18	168	18	168	18
169	18	169	18	169	18	169	18	169	18	169	18	169	18	169	18	169	18	169	18	169	18
170	18	170	18	170	18	170	18	170	18	170	18	170	18	170	18	170	18	170	18	170	18
171	18	171	18	171	18	171	18	171	18	171	18	171	18	171	18	171	18	171	18	171	18
172	18	172	18	172	18	172	18	172	18	172	18	172	18	172	18	172	18	172	18	172	18
173	18	173	18	173	18	173	18	173	18	173	18	173	18	173	18	173	18	173	18	173	18
174	18	174	18	174	18	174	18	174	18	174	18	174	18	174	18	174	18	174	18	174	18
175	18	175	18	175	18	175	18	175	18	175	18	175	18	175	18	175	18	175	18	175	18
176	18	176	18	176	18	176	18	176	18	176	18	176	18	176	18	176	18	176	18	176	18
177	18	177	18	177	18	177	18	177	18	177	18	177	18	177	18	177	18	177	18	177	18
178	18	178	18	178	18	178	18	178	18	178	18	178	18	178	18	178	18	178	18	178	18
179	18	179	18	179	18	179	18	179	18	179	18	179	18	179	18	179	18	179	18	179	18
180	18	180	18	180	18	180	18	180	18	180	18	180	18	180	18	180	18	180	18	180	18
181	18	181	18	181	18	181	18	181	18	181	18	181	18	181	18	181	18	181	18	181	18
182	18	182	18	182	18	182	18	182	18	182	18	182	18	182	18	182	18	182	18	182	18
183	18	183	18	183	18	183	18	183	18	183	18	183	18	183	18	183	18	183	18	183	18
184	18	184	18	184	18	184	18	184	18	184	18	184	18	184	18	184	18	184	18	184	18
185	18	185	18	185	18	185	18	185	18	185	18	185	18	185	18	185	18	185	18	185	18
186	18	186	18	186	18	186	18	186	18	186	18	186	18	186	18	186	18	186	18	186	18
187	18	187	18	187	18	187	18	187	18	187	18	187	18	187	18	187	18	187	18	187	18
188	18	188	18	188	18	188	18	188	18	188	18	188	18	188	18	188	18	188	18	188	18
189	18	189	18	189	18	189	18	189	18	189	18	189	18	189	18	189	18	189	18	189	18
190	18	190	18	190	18	190	18	190	18	190	18	190	18	190	18	190	18	190	18	190	18
191	18	191	18	191	18	191	18	191	18	191	18	191	18	191	18	191	18	191	18	191	18
192	18	192	18	192	18	192	18	192	18	192	18	192	18	192	18	192	18	192	18	192	18
193	18	193	18	193	18	193	18	193	18	193	18	193	18	193	18	193	18	193	18	193	18
194	18	194	18	194	18	194	18	194	18	194	18	194	18	194	18	194	18	194	18	194	18
195	18	195	18	195	18	195	18	195	18	195	18	195	18	195	18	195	18	195	18	195	18
196	18	196	18	196	18	196	18	196	18	196	18	196	18	196	18	196	18	196	18	196	18
197	18	197	18	197	18	197	18	197	18	197	18	197	18	197	18	197	18	197	18	197	18
198	18	198	18	198	18	198	18	198	18	198	18	198	18	198	18	198	18	198	18	198	18
199	18	199	18	199	18	199	18	199	18	199	18	199	18	199	18	199	18	199	18	199	18
200	18	200	18	200	18	200	18	200	18	200	18	200	18	200	18	200	18	200	18	200	18
