0-49	0-49	50-56	50-56	57-59	57-59	60-62	60-62	63-65	63-65	66-68	66-68	69-71	69-71	72-74	72-74	75-77	75-77	78-80	78-80	81-100	81-100
0.5	2	0.5	2	0.5	2	0.5	2	0.5	2	0.5	2	0.5	2	0.5	2	0.5	2	0.5	2	0.5	2
1	2	1	2	1	2	1	2	1	2	1	2	1	2	1	2	1	2	1	2	1	2
2	2	2	2	2	2	2	2	2	2	2	2	2	2	2	2	2	2	2	2	2	2
3	2	3	2	3	2	3	2	3	2	3	2	3	2	3	2	3	2	3	2	3	2
4	2	4	2	4	2	4	2	4	2	4	2	4	2	4	2	4	2	4	2	4	2
5	2	5	2	5	2	5	2	5	2	5	2	5	2	5	2	5	2	5	2	5	2
6	2	6	2	6	2	6	2	6	2	6	2	6	2	6	2	6	2	6	2	6	2
7	2	7	2	7	2	7	2	7	2	7	2	7	2	7	2	7	2	7	2	7	2
8	2	8	2	8	2	8	2	8	2	8	2	8	2	8	2	8	2	8	2	8	2
9	2	9	2	9	2	9	2	9	2	9	2	9	2	9	2	9	2	9	2	9	2
10	2	10	2	10	2	10	2	10	2	10	2	10	2	10	2	10	2	10	2	10	2
11	2	11	2	11	2	11	2	11	2	11	2	11	2	11	2	11	2	11	2	11	2
12	2	12	2	12	2	12	2	12	2	12	2	12	2	12	2	12	2	12	2	12	2
13	2	13	2	13	2	13	2	13	2	13	2	13	2	13	2	13	2	13	2	13	2
14	2	14	2	14	2	14	2	14	2	14	2	14	2	14	2	14	2	14	2	14	2
15	2	15	2	15	2	15	2	15	2	15	2	15	2	15	2	15	2	15	2	15	2
16	2	16	2	16	2	16	2	16	2	16	2	16	2	16	2	16	2	16	2	16	2
17	2	17	2	17	2	17	2	17	2	17	2	17	2	17	2	17	2	17	2	17	2
18	2	18	2	18	2	18	2	18	2	18	2	18	2	18	2	18	2	18	2	18	4
19	2	19	2	19	2	19	2	19	2	19	2	19	2	19	2	19	2	19	2	19	5
20	2	20	2	20	2	20	2	20	2	20	2	20	2	20	2	20	2	20	2	20	5
21	2	21	2	21	2	21	3	21	3	21	3	21	2	21	2	21	4	21	3	21	5
22	2	22	3	22	2	22	3	22	3	22	3	22	4	22	4	22	5	22	5	22	6
23	2	23	3	23	2	23	3	23	3	23	3	23	4	23	4	23	5	23	5	23	6
24	2	24	3	24	2	24	3	24	3	24	4	24	5	24	5	24	5	24	5	24	6
25	2	25	3	25	2	25	3	25	3	25	4	25	5	25	5	25	5	25	5	25	6
26	2	26	3	26	2	26	3	26	3	26	4	26	5	26	5	26	5	26	5	26	6
27	2	27	3	27	2	27	3	27	3	27	5	27	5	27	5	27	5	27	5	27	6
28	2	28	3	28	2	28	3	28	3	28	5	28	5	28	5	28	6	28	6	28	6
29	2	29	3	29	2	29	3	29	3	29	5	29	5	29	5	29	6	29	6	29	6
30	2	30	3	30	2	30	3	30	3	30	5	30	5	30	6	30	6	30	6	30	6
31	2	31	3	31	2	31	3	31	3	31	5	31	5	31	6	31	6	31	6	31	6
32	2	32	3	32	2	32	3	32	3	32	5	32	5	32	6	32	6	32	6	32	6
33	2	33	4	33	3	33	4	33	4	33	5	33	6	33	6	33	7	33	7	33	7
34	2	34	4	34	3	34	4	34	4	34	5	34	6	34	6	34	7	34	7	34	7
35	2	35	4	35	3	35	4	35	4	35	5	35	6	35	6	35	7	35	7	35	7
36	2	36	4	36	3	36	4	36	4	36	5	36	6	36	6	36	7	36	8	36	8
37	2	37	4	37	5	37	5	37	5	37	5	37	6	37	7	37	7	37	8	37	8
38	2	38	4	38	5	38	5	38	5	38	5	38	6	38	7	38	7	38	8	38	8
39	2	39	4	39	5	39	5	39	5	39	6	39	7	39	7	39	7	39	8	39	8
40	2	40	4	40	5	40	5	40	5	40	6	40	7	40	7	40	8	40	8	40	8
41	2	41	4	41	5	41	6	41	6	41	7	41	7	41	8	41	8	41	9	41	9
42	2	42	4	42	5	42	6	42	6	42	7	42	7	42	8	42	8	42	9	42	9
43	2	43	5	43	5	43	6	43	7	43	7	43	7	43	8	43	8	43	9	43	9
44	2	44	5	44	5	44	6	44	7	44	7	44	8	44	8	44	8	44	9	44	9
45	2	45	5	45	5	45	6	45	7	45	7	45	8	45	8	45	8	45	9	45	9
46	2	46	5	46	6	46	6	46	7	46	8	46	8	46	9	46	9	46	9	46	9
47	2	47	6	47	6	47	7	47	7	47	8	47	8	47	9	47	9	47	10	47	10
48	2	48	6	48	6	48	7	48	8	48	8	48	9	48	9	48	9	48	10	48	10
49	3	49	7	49	7	49	7	49	8	49	8	49	9	49	9	49	10	49	10	49	10
50	3	50	7	50	7	50	8	50	9	50	9	50	9	50	10	50	10	50	10	50	11
51	4	51	7	51	7	51	8	51	9	51	9	51	10	51	10	51	10	51	10	51	11
52	4	52	7	52	8	52	8	52	9	52	9	52	10	52	10	52	10	52	11	52	11
53	4	53	7	53	8	53	8	53	9	53	9	53	10	53	10	53	10	53	11	53	11
54	4	54	7	54	8	54	8	54	9	54	10	54	10	54	10	54	10	54	11	54	11
55	5	55	7	55	8	55	9	55	9	55	10	55	10	55	10	55	11	55	12	55	12
56	5	56	8	56	8	56	9	56	9	56	10	56	10	56	11	56	11	56	12	56	12
57	5	57	8	57	8	57	9	57	10	57	10	57	11	57	11	57	11	57	12	57	12
58	5	58	8	58	9	58	9	58	10	58	10	58	11	58	11	58	12	58	12	58	12
59	5	59	9	59	9	59	10	59	10	59	10	59	11	59	11	59	12	59	12	59	13
60	5	60	9	60	9	60	10	60	10	60	11	60	11	60	11	60	12	60	12	60	13
61	6	61	9	61	10	61	10	61	10	61	11	61	12	61	12	61	13	61	13	61	14
62	6	62	10	62	10	62	10	62	10	62	11	62	12	62	12	62	13	62	13	62	14
63	7	63	10	63	10	63	10	63	11	63	12	63	12	63	13	63	13	63	13	63	14
64	7	64	10	64	10	64	10	64	11	64	12	64	13	64	13	64	13	64	13	64	14
65	7	65	10	65	10	65	10	65	11	65	12	65	13	65	13	65	13	65	14	65	14
66	7	66	10	66	10	66	11	66	11	66	12	66	13	66	13	66	13	66	14	66	14
67	8	67	10	67	10	67	11	67	11	67	12	67	13	67	13	67	14	67	14	67	15
68	8	68	10	68	11	68	11	68	11	68	13	68	13	68	14	68	14	68	14	68	15
69	8	69	10	69	11	69	11	69	12	69	13	69	13	69	14	69	14	69	15	69	16
70	8	70	11	70	11	70	11	70	12	70	13	70	13	70	14	70	15	70	16	70	16
71	9	71	11	71	11	71	12	71	12	71	13	71	14	71	14	71	15	71	16	71	16
72	9	72	11	72	11	72	12	72	12	72	13	72	14	72	15	72	15	72	18	72	18
73	9	73	11	73	11	73	12	73	12	73	13	73	14	73	15	73	15	73	18	73	18
74	10	74	11	74	11	74	12	74	12	74	14	74	14	74	15	74	16	74	18	74	18
75	10	75	12	75	12	75	12	75	13	75	14	75	15	75	15	75	17	75	18	75	18
76	10	76	12	76	12	76	12	76	13	76	14	76	15	76	15	76	17	76	18	76	18
77	10	77	12	77	12	77	13	77	13	77	15	77	16	77	16	77	17	77	18	77	18
78	10	78	12	78	12	78	13	78	13	78	15	78	17	78	17	78	18	78	18	78	18
79	11	79	13	79	13	79	13	79	14	79	15	79	17	79	17	79	18	79	18	79	18
80	11	80	13	80	14	80	14	80	15	80	16	80	17	80	17	80	18	80	18	80	18
81	11	81	13	81	14	81	14	81	15	81	16	81	17	81	17	81	18	81	18	81	18
82	11	82	14	82	14	82	14	82	15	82	16	82	17	82	17	82	18	82	18	82	18
83	11	83	14	83	14	83	15	83	16	83	17	83	18	83	18	83	18	83	18	83	18
84	12	84	14	84	14	84	15	84	16	84	17	84	18	84	18	84	18	84	18	84	18
85	12	85	14	85	14	85	15	85	17	85	18	85	18	85	18	85	18	85	18	85	18
86	12	86	14	86	15	86	15	86	17	86	18	86	18	86	18	86	18	86	18	86	18
87	13	87	15	87	15	87	16	87	17	87	18	87	18	87	18	87	18	87	18	87	18
88	13	88	15	88	15	88	16	88	17	88	18	88	18	88	18	88	18	88	18	88	18
89	13	89	15	89	15	89	16	89	17	89	18	89	18	89	18	89	18	89	18	89	18
90	13	90	15	90	15	90	17	90	17	90	18	90	18	90	18	90	18	90	18	90	18
91	14	91	15	91	16	91	18	91	18	91	18	91	18	91	18	91	18	91	18	91	18
92	14	92	15	92	16	92	18	92	18	92	18	92	18	92	18	92	18	92	18	92	18
93	14	93	15	93	16	93	18	93	18	93	18	93	18	93	18	93	18	93	18	93	18
94	15	94	16	94	17	94	18	94	18	94	18	94	18	94	18	94	18	94	18	94	18
95	15	95	16	95	17	95	18	95	18	95	18	95	18	95	18	95	18	95	18	95	18
96	15	96	16	96	17	96	18	96	18	96	18	96	18	96	18	96	18	96	18	96	18
97	15	97	16	97	17	97	18	97	18	97	18	97	18	97	18	97	18	97	18	97	18
98	15	98	16	98	17	98	18	98	18	98	18	98	18	98	18	98	18	98	18	98	18
99	16	99	17	99	18	99	18	99	18	99	18	99	18	99	18	99	18	99	18	99	18
100	16	100	17	100	18	100	18	100	18	100	18	100	18	100	18	100	18	100	18	100	18
101	16	101	18	101	18	101	18	101	18	101	18	101	18	101	18	101	18	101	18	101	18
102	17	102	18	102	18	102	18	102	18	102	18	102	18	102	18	102	18	102	18	102	18
103	17	103	18	103	18	103	18	103	18	103	18	103	18	103	18	103	18	103	18	103	18
104	18	104	18	104	18	104	18	104	18	104	18	104	18	104	18	104	18	104	18	104	18
105	18	105	18	105	18	105	18	105	18	105	18	105	18	105	18	105	18	105	18	105	18
106	18	106	18	106	18	106	18	106	18	106	18	106	18	106	18	106	18	106	18	106	18
107	18	107	18	107	18	107	18	107	18	107	18	107	18	107	18	107	18	107	18	107	18
108	18	108	18	108	18	108	18	108	18	108	18	108	18	108	18	108	18	108	18	108	18
109	18	109	18	109	18	109	18	109	18	109	18	109	18	109	18	109	18	109	18	109	18
110	18	110	18	110	18	110	18	110	18	110	18	110	18	110	18	110	18	110	18	110	18
111	18	111	18	111	18	111	18	111	18	111	18	111	18	111	18	111	18	111	18	111	18
112	18	112	18	112	18	112	18	112	18	112	18	112	18	112	18	112	18	112	18	112	18
113	18	113	18	113	18	113	18	113	18	113	18	113	18	113	18	113	18	113	18	113	18
114	18	114	18	114	18	114	18	114	18	114	18	114	18	114	18	114	18	114	18	114	18
115	18	115	18	115	18	115	18	115	18	115	18	115	18	115	18	115	18	115	18	115	18
116	18	116	18	116	18	116	18	116	18	116	18	116	18	116	18	116	18	116	18	116	18
117	18	117	18	117	18	117	18	117	18	117	18	117	18	117	18	117	18	117	18	117	18
118	18	118	18	118	18	118	18	118	18	118	18	118	18	118	18	118	18	118	18	118	18
119	18	119	18	119	18	119	18	119	18	119	18	119	18	119	18	119	18	119	18	119	18
120	18	120	18	120	18	120	18	120	18	120	18	120	18	120	18	120	18	120	18	120	18
121	18	121	18	121	18	121	18	121	18	121	18	121	18	121	18	121	18	121	18	121	18
122	18	122	18	122	18	122	18	122	18	122	18	122	18	122	18	122	18	122	18	122	18
123	18	123	18	123	18	123	18	123	18	123	18	123	18	123	18	123	18	123	18	123	18
124	18	124	18	124	18	124	18	124	18	124	18	124	18	124	18	124	18	124	18	124	18
125	18	125	18	125	18	125	18	125	18	125	18	125	18	125	18	125	18	125	18	125	18
126	18	126	18	126	18	126	18	126	18	126	18	126	18	126	18	126	18	126	18	126	18
127	18	127	18	127	18	127	18	127	18	127	18	127	18	127	18	127	18	127	18	127	18
128	18	128	18	128	18	128	18	128	18	128	18	128	18	128	18	128	18	128	18	128	18
129	18	129	18	129	18	129	18	129	18	129	18	129	18	129	18	129	18	129	18	129	18
130	18	130	18	130	18	130	18	130	18	130	18	130	18	130	18	130	18	130	18	130	18
131	18	131	18	131	18	131	18	131	18	131	18	131	18	131	18	131	18	131	18	131	18
132	18	132	18	132	18	132	18	132	18	132	18	132	18	132	18	132	18	132	18	132	18
133	18	133	18	133	18	133	18	133	18	133	18	133	18	133	18	133	18	133	18	133	18
134	18	134	18	134	18	134	18	134	18	134	18	134	18	134	18	134	18	134	18	134	18
135	18	135	18	135	18	135	18	135	18	135	18	135	18	135	18	135	18	135	18	135	18
136	18	136	18	136	18	136	18	136	18	136	18	136	18	136	18	136	18	136	18	136	18
137	18	137	18	137	18	137	18	137	18	137	18	137	18	137	18	137	18	137	18	137	18
138	18	138	18	138	18	138	18	138	18	138	18	138	18	138	18	138	18	138	18	138	18
139	18	139	18	139	18	139	18	139	18	139	18	139	18	139	18	139	18	139	18	139	18
140	18	140	18	140	18	140	18	140	18	140	18	140	18	140	18	140	18	140	18	140	18
141	18	141	18	141	18	141	18	141	18	141	18	141	18	141	18	141	18	141	18	141	18
142	18	142	18	142	18	142	18	142	18	142	18	142	18	142	18	142	18	142	18	142	18
143	18	143	18	143	18	143	18	143	18	143	18	143	18	143	18	143	18	143	18	143	18
144	18	144	18	144	18	144	18	144	18	144	18	144	18	144	18	144	18	144	18	144	18
145	18	145	18	145	18	145	18	145	18	145	18	145	18	145	18	145	18	145	18	145	18
146	18	146	18	146	18	146	18	146	18	146	18	146	18	146	18	146	18	146	18	146	18
147	18	147	18	147	18	147	18	147	18	147	18	147	18	147	18	147	18	147	18	147	18
148	18	148	18	148	18	148	18	148	18	148	18	148	18	148	18	148	18	148	18	148	18
149	18	149	18	149	18	149	18	149	18	149	18	149	18	149	18	149	18	149	18	149	18
150	18	150	18	150	18	150	18	150	18	150	18	150	18	150	18	150	18	150	18	150	18
151	18	151	18	151	18	151	18	151	18	151	18	151	18	151	18	151	18	151	18	151	18
152	18	152	18	152	18	152	18	152	18	152	18	152	18	152	18	152	18	152	18	152	18
153	18	153	18	153	18	153	18	153	18	153	18	153	18	153	18	153	18	153	18	153	18
154	18	154	18	154	18	154	18	154	18	154	18	154	18	154	18	154	18	154	18	154	18
155	18	155	18	155	18	155	18	155	18	155	18	155	18	155	18	155	18	155	18	155	18
156	18	156	18	156	18	156	18	156	18	156	18	156	18	156	18	156	18	156	18	156	18
157	18	157	18	157	18	157	18	157	18	157	18	157	18	157	18	157	18	157	18	157	18
158	18	158	18	158	18	158	18	158	18	158	18	158	18	158	18	158	18	158	18	158	18
159	18	159	18	159	18	159	18	159	18	159	18	159	18	159	18	159	18	159	18	159	18
160	18	160	18	160	18	160	18	160	18	160	18	160	18	160	18	160	18	160	18	160	18
161	18	161	18	161	18	161	18	161	18	161	18	161	18	161	18	161	18	161	18	161	18
162	18	162	18	162	18	162	18	162	18	162	18	162	18	162	18	162	18	162	18	162	18
163	18	163	18	163	18	163	18	163	18	163	18	163	18	163	18	163	18	163	18	163	18
164	18	164	18	164	18	164	18	164	18	164	18	164	18	164	18	164	18	164	18	164	18
165	18	165	18	165	18	165	18	165	18	165	18	165	18	165	18	165	18	165	18	165	18
166	18	166	18	166	18	166	18	166	18	166	18	166	18	166	18	166	18	166	18	166	18
167	18	167	18	167	18	167	18	167	18	167	18	167	18	167	18	167	18	167	18	167	18
168	18	168	18	168	18	168	18	168	18	168	18	168	18	168	18	168	18	168	18	168	18
169	18	169	18	169	18	169	18	169	18	169	18	169	18	169	18	169	18	169	18	169	18
170	18	170	18	170	18	170	18	170	18	170	18	170	18	170	18	170	18	170	18	170	18
171	18	171	18	171	18	171	18	171	18	171	18	171	18	171	18	171	18	171	18	171	18
172	18	172	18	172	18	172	18	172	18	172	18	172	18	172	18	172	18	172	18	172	18
173	18	173	18	173	18	173	18	173	18	173	18	173	18	173	18	173	18	173	18	173	18
174	18	174	18	174	18	174	18	174	18	174	18	174	18	174	18	174	18	174	18	174	18
175	18	175	18	175	18	175	18	175	18	175	18	175	18	175	18	175	18	175	18	175	18
176	18	176	18	176	18	176	18	176	18	176	18	176	18	176	18	176	18	176	18	176	18
177	18	177	18	177	18	177	18	177	18	177	18	177	18	177	18	177	18	177	18	177	18
178	18	178	18	178	18	178	18	178	18	178	18	178	18	178	18	178	18	178	18	178	18
179	18	179	18	179	18	179	18	179	18	179	18	179	18	179	18	179	18	179	18	179	18
180	18	180	18	180	18	180	18	180	18	180	18	180	18	180	18	180	18	180	18	180	18
181	18	181	18	181	18	181	18	181	18	181	18	181	18	181	18	181	18	181	18	181	18
182	18	182	18	182	18	182	18	182	18	182	18	182	18	182	18	182	18	182	18	182	18
183	18	183	18	183	18	183	18	183	18	183	18	183	18	183	18	183	18	183	18	183	18
184	18	184	18	184	18	184	18	184	18	184	18	184	18	184	18	184	18	184	18	184	18
185	18	185	18	185	18	185	18	185	18	185	18	185	18	185	18	185	18	185	18	185	18
186	18	186	18	186	18	186	18	186	18	186	18	186	18	186	18	186	18	186	18	186	18
187	18	187	18	187	18	187	18	187	18	187	18	187	18	187	18	187	18	187	18	187	18
188	18	188	18	188	18	188	18	188	18	188	18	188	18	188	18	188	18	188	18	188	18
189	18	189	18	189	18	189	18	189	18	189	18	189	18	189	18	189	18	189	18	189	18
190	18	190	18	190	18	190	18	190	18	190	18	190	18	190	18	190	18	190	18	190	18
191	18	191	18	191	18	191	18	191	18	191	18	191	18	191	18	191	18	191	18	191	18
192	18	192	18	192	18	192	18	192	18	192	18	192	18	192	18	192	18	192	18	192	18
193	18	193	18	193	18	193	18	193	18	193	18	193	18	193	18	193	18	193	18	193	18
194	18	194	18	194	18	194	18	194	18	194	18	194	18	194	18	194	18	194	18	194	18
195	18	195	18	195	18	195	18	195	18	195	18	195	18	195	18	195	18	195	18	195	18
196	18	196	18	196	18	196	18	196	18	196	18	196	18	196	18	196	18	196	18	196	18
197	18	197	18	197	18	197	18	197	18	197	18	197	18	197	18	197	18	197	18	197	18
198	18	198	18	198	18	198	18	198	18	198	18	198	18	198	18	198	18	198	18	198	18
199	18	199	18	199	18	199	18	199	18	199	18	199	18	199	18	199	18	199	18	199	18
200	18	200	18	200	18	200	18	200	18	200	18	200	18	200	18	200	18	200	18	200	18
