0-49	0-49	50-56	50-56	57-59	57-59	60-62	60-62	63-65	63-65	66-68	66-68	69-71	69-71	72-74	72-74	75-77	75-77	78-80	78-80	81-100	81-100
0.5	18	0.5	18	0.5	18	0.5	18	0.5	18	0.5	18	0.5	18	0.5	18	0.5	18	0.5	18	0.5	18
1	18	1	18	1	18	1	18	1	18	1	18	1	18	1	18	1	18	1	18	1	18
2	18	2	18	2	18	2	18	2	18	2	18	2	18	2	18	2	18	2	18	2	18
3	18	3	18	3	18	3	18	3	18	3	18	3	18	3	18	3	18	3	18	3	18
4	18	4	18	4	18	4	18	4	18	4	18	4	18	4	18	4	18	4	18	4	18
5	18	5	18	5	18	5	18	5	18	5	18	5	18	5	18	5	18	5	18	5	18
6	18	6	18	6	18	6	18	6	18	6	18	6	18	6	18	6	18	6	18	6	18
7	18	7	18	7	18	7	18	7	18	7	18	7	18	7	18	7	18	7	18	7	18
8	18	8	18	8	18	8	18	8	18	8	18	8	18	8	18	8	18	8	18	8	18
9	18	9	18	9	18	9	18	9	18	9	18	9	18	9	18	9	18	9	18	9	18
10	18	10	18	10	18	10	18	10	18	10	18	10	18	10	18	10	18	10	18	10	18
11	18	11	18	11	18	11	18	11	18	11	18	11	18	11	18	11	18	11	18	11	18
12	18	12	18	12	18	12	18	12	18	12	18	12	18	12	18	12	18	12	18	12	18
13	18	13	18	13	18	13	18	13	18	13	18	13	18	13	18	13	18	13	18	13	18
14	18	14	18	14	18	14	18	14	18	14	18	14	18	14	18	14	18	14	18	14	18
15	18	15	18	15	18	15	18	15	18	15	18	15	18	15	18	15	18	15	18	15	18
16	18	16	18	16	18	16	18	16	18	16	18	16	18	16	18	16	18	16	18	16	18
17	18	17	18	17	18	17	18	17	18	17	18	17	18	17	18	17	18	17	18	17	18
18	18	18	18	18	18	18	18	18	18	18	18	18	18	18	18	18	18	18	18	18	18
19	18	19	18	19	18	19	18	19	18	19	18	19	18	19	18	19	18	19	18	19	18
20	18	20	18	20	18	20	18	20	18	20	18	20	18	20	18	20	18	20	18	20	18
21	18	21	18	21	18	21	18	21	18	21	18	21	18	21	18	21	18	21	18	21	18
22	18	22	18	22	18	22	18	22	18	22	18	22	18	22	18	22	18	22	18	22	18
23	17	23	18	23	18	23	18	23	18	23	18	23	18	23	18	23	18	23	18	23	18
24	17	24	18	24	18	24	18	24	18	24	18	24	18	24	18	24	18	24	18	24	18
25	17	25	18	25	18	25	18	25	18	25	18	25	18	25	18	25	18	25	18	25	18
26	17	26	18	26	18	26	18	26	18	26	18	26	18	26	18	26	18	26	18	26	18
27	17	27	18	27	18	27	18	27	18	27	18	27	18	27	18	27	18	27	18	27	18
28	17	28	18	28	18	28	18	28	18	28	18	28	18	28	18	28	18	28	18	28	18
29	17	29	18	29	18	29	18	29	18	29	18	29	18	29	18	29	18	29	18	29	18
30	17	30	18	30	18	30	18	30	18	30	18	30	18	30	18	30	18	30	18	30	18
31	16	31	18	31	18	31	18	31	18	31	18	31	18	31	18	31	18	31	18	31	18
32	16	32	18	32	18	32	18	32	18	32	18	32	18	32	18	32	18	32	18	32	18
33	15	33	18	33	18	33	18	33	18	33	18	33	18	33	18	33	18	33	18	33	18
34	15	34	18	34	18	34	18	34	18	34	18	34	18	34	18	34	18	34	18	34	18
35	14	35	18	35	18	35	18	35	18	35	18	35	18	35	18	35	18	35	18	35	18
36	14	36	18	36	18	36	18	36	18	36	18	36	18	36	18	36	18	36	18	36	18
37	14	37	18	37	18	37	18	37	18	37	18	37	18	37	18	37	18	37	18	37	18
38	14	38	18	38	18	38	18	38	18	38	18	38	18	38	18	38	18	38	18	38	18
39	14	39	18	39	18	39	18	39	18	39	18	39	18	39	18	39	18	39	18	39	18
40	13	40	18	40	18	40	18	40	18	40	18	40	18	40	18	40	18	40	18	40	18
41	13	41	18	41	18	41	18	41	18	41	18	41	18	41	18	41	18	41	18	41	18
42	13	42	17	42	17	42	18	42	17	42	18	42	18	42	18	42	18	42	18	42	18
43	13	43	16	43	17	43	18	43	16	43	17	43	17	43	18	43	18	43	18	43	18
44	13	44	16	44	17	44	18	44	16	44	17	44	17	44	18	44	18	44	18	44	18
45	12	45	15	45	15	45	18	45	16	45	17	45	17	45	18	45	18	45	18	45	18
46	12	46	15	46	15	46	18	46	16	46	17	46	17	46	18	46	18	46	18	46	18
47	12	47	15	47	15	47	17	47	16	47	17	47	17	47	18	47	18	47	18	47	18
48	12	48	15	48	15	48	16	48	15	48	16	48	17	48	18	48	18	48	18	48	18
49	12	49	15	49	15	49	15	49	15	49	16	49	17	49	18	49	18	49	18	49	18
50	11	50	15	50	15	50	15	50	15	50	16	50	17	50	18	50	18	50	18	50	18
51	11	51	14	51	15	51	15	51	15	51	16	51	17	51	18	51	18	51	18	51	18
52	11	52	14	52	15	52	15	52	15	52	16	52	17	52	18	52	18	52	18	52	18
53	11	53	14	53	14	53	14	53	15	53	16	53	17	53	18	53	18	53	18	53	18
54	11	54	14	54	14	54	14	54	15	54	16	54	17	54	18	54	18	54	18	54	18
55	10	55	13	55	14	55	14	55	15	55	16	55	17	55	18	55	18	55	18	55	18
56	10	56	13	56	13	56	14	56	14	56	16	56	17	56	18	56	18	56	18	56	18
57	10	57	13	57	13	57	14	57	14	57	16	57	17	57	18	57	18	57	18	57	18
58	10	58	13	58	13	58	14	58	14	58	16	58	17	58	18	58	18	58	18	58	18
59	10	59	13	59	13	59	14	59	14	59	16	59	17	59	18	59	18	59	18	59	18
60	10	60	13	60	13	60	14	60	14	60	15	60	17	60	18	60	17	60	18	60	18
61	10	61	13	61	13	61	14	61	14	61	15	61	15	61	16	61	16	61	18	61	18
62	9	62	13	62	13	62	13	62	14	62	15	62	15	62	16	62	16	62	18	62	18
63	9	63	13	63	13	63	13	63	14	63	15	63	15	63	16	63	16	63	17	63	18
64	9	64	12	64	13	64	13	64	13	64	15	64	15	64	15	64	15	64	16	64	18
65	9	65	12	65	13	65	13	65	13	65	15	65	15	65	15	65	15	65	16	65	18
66	9	66	12	66	12	66	13	66	13	66	15	66	15	66	15	66	15	66	16	66	18
67	9	67	12	67	12	67	13	67	13	67	15	67	14	67	15	67	15	67	16	67	18
68	8	68	12	68	12	68	13	68	13	68	14	68	14	68	15	68	15	68	16	68	18
69	8	69	12	69	12	69	13	69	13	69	14	69	14	69	14	69	15	69	16	69	18
70	8	70	12	70	12	70	13	70	12	70	14	70	14	70	14	70	15	70	16	70	18
71	8	71	11	71	12	71	12	71	12	71	14	71	14	71	14	71	15	71	16	71	18
72	8	72	11	72	12	72	12	72	12	72	13	72	14	72	14	72	15	72	16	72	18
73	8	73	11	73	11	73	12	73	12	73	13	73	13	73	14	73	15	73	16	73	18
74	8	74	11	74	11	74	12	74	12	74	13	74	13	74	14	74	15	74	16	74	18
75	8	75	11	75	11	75	12	75	12	75	13	75	13	75	14	75	14	75	16	75	18
76	8	76	11	76	11	76	12	76	12	76	13	76	13	76	13	76	14	76	16	76	18
77	8	77	11	77	11	77	12	77	12	77	13	77	13	77	13	77	14	77	16	77	18
78	7	78	11	78	11	78	12	78	12	78	13	78	13	78	13	78	14	78	16	78	18
79	7	79	11	79	11	79	11	79	12	79	12	79	13	79	13	79	14	79	16	79	18
80	7	80	10	80	11	80	11	80	12	80	12	80	13	80	13	80	14	80	15	80	16
81	7	81	10	81	11	81	11	81	12	81	12	81	13	81	13	81	14	81	15	81	15
82	7	82	10	82	11	82	11	82	11	82	12	82	12	82	13	82	14	82	15	82	15
83	7	83	10	83	11	83	11	83	11	83	12	83	12	83	13	83	13	83	14	83	15
84	7	84	10	84	11	84	11	84	11	84	12	84	12	84	13	84	13	84	13	84	14
85	7	85	10	85	11	85	11	85	11	85	12	85	12	85	13	85	13	85	13	85	14
86	7	86	10	86	11	86	11	86	11	86	12	86	12	86	13	86	13	86	13	86	14
87	7	87	10	87	11	87	11	87	11	87	12	87	12	87	13	87	13	87	13	87	14
88	7	88	10	88	11	88	11	88	11	88	12	88	12	88	13	88	13	88	13	88	14
89	7	89	10	89	10	89	11	89	11	89	12	89	12	89	13	89	13	89	13	89	14
90	7	90	10	90	10	90	11	90	11	90	12	90	12	90	13	90	13	90	13	90	14
91	7	91	10	91	10	91	11	91	11	91	12	91	12	91	13	91	13	91	13	91	14
92	7	92	10	92	10	92	11	92	11	92	11	92	12	92	12	92	13	92	13	92	14
93	7	93	10	93	10	93	11	93	11	93	11	93	12	93	12	93	13	93	13	93	14
94	7	94	10	94	10	94	11	94	11	94	11	94	12	94	12	94	13	94	13	94	14
95	6	95	10	95	10	95	11	95	11	95	11	95	12	95	12	95	13	95	13	95	14
96	6	96	10	96	10	96	11	96	11	96	11	96	12	96	12	96	12	96	13	96	14
97	6	97	10	97	10	97	11	97	11	97	11	97	11	97	12	97	12	97	13	97	14
98	6	98	10	98	10	98	11	98	11	98	11	98	11	98	12	98	12	98	13	98	14
99	6	99	10	99	10	99	11	99	11	99	11	99	11	99	12	99	12	99	13	99	13
100	6	100	10	100	10	100	11	100	11	100	11	100	11	100	12	100	12	100	13	100	13
101	6	101	10	101	10	101	10	101	10	101	11	101	11	101	12	101	12	101	13	101	13
102	6	102	10	102	10	102	10	102	10	102	11	102	11	102	12	102	12	102	13	102	13
103	6	103	10	103	10	103	10	103	10	103	11	103	11	103	12	103	12	103	13	103	13
104	5	104	10	104	10	104	10	104	10	104	11	104	11	104	12	104	12	104	13	104	13
105	5	105	10	105	10	105	10	105	10	105	11	105	11	105	11	105	12	105	13	105	13
106	5	106	10	106	10	106	10	106	10	106	10	106	11	106	11	106	12	106	13	106	13
107	5	107	10	107	10	107	10	107	10	107	10	107	11	107	11	107	11	107	12	107	13
108	5	108	9	108	10	108	10	108	10	108	10	108	11	108	11	108	11	108	12	108	13
109	5	109	9	109	10	109	10	109	10	109	10	109	11	109	11	109	11	109	12	109	13
110	5	110	9	110	10	110	10	110	10	110	10	110	11	110	11	110	11	110	12	110	13
111	5	111	9	111	10	111	10	111	10	111	10	111	11	111	11	111	11	111	12	111	13
112	5	112	9	112	10	112	10	112	10	112	10	112	11	112	11	112	11	112	12	112	13
113	5	113	9	113	10	113	10	113	10	113	10	113	11	113	11	113	11	113	12	113	13
114	5	114	9	114	9	114	10	114	10	114	10	114	10	114	11	114	11	114	12	114	13
115	5	115	9	115	9	115	10	115	10	115	10	115	10	115	11	115	11	115	12	115	12
116	5	116	9	116	9	116	10	116	10	116	10	116	10	116	10	116	11	116	12	116	12
117	5	117	9	117	9	117	10	117	10	117	10	117	10	117	10	117	11	117	12	117	12
118	5	118	9	118	9	118	10	118	10	118	10	118	10	118	10	118	11	118	12	118	12
119	5	119	9	119	9	119	9	119	10	119	10	119	10	119	10	119	11	119	12	119	12
120	5	120	9	120	9	120	9	120	10	120	10	120	10	120	10	120	11	120	11	120	12
121	5	121	9	121	9	121	9	121	10	121	10	121	10	121	10	121	10	121	11	121	11
122	5	122	9	122	9	122	9	122	10	122	10	122	10	122	10	122	10	122	11	122	11
123	5	123	8	123	9	123	9	123	10	123	10	123	10	123	10	123	10	123	11	123	11
124	5	124	8	124	9	124	9	124	10	124	10	124	10	124	10	124	10	124	11	124	11
125	5	125	8	125	9	125	9	125	10	125	10	125	10	125	10	125	10	125	11	125	11
126	5	126	8	126	9	126	9	126	10	126	10	126	10	126	10	126	10	126	11	126	11
127	4	127	8	127	9	127	9	127	10	127	10	127	10	127	10	127	10	127	11	127	11
128	4	128	8	128	9	128	9	128	10	128	10	128	10	128	10	128	10	128	11	128	11
129	4	129	8	129	8	129	9	129	10	129	10	129	10	129	10	129	10	129	11	129	11
130	4	130	8	130	8	130	9	130	10	130	10	130	10	130	10	130	10	130	11	130	11
131	4	131	8	131	8	131	9	131	9	131	10	131	10	131	10	131	10	131	11	131	11
132	4	132	8	132	8	132	9	132	9	132	10	132	10	132	10	132	10	132	11	132	11
133	4	133	8	133	8	133	9	133	9	133	10	133	10	133	10	133	10	133	11	133	11
134	4	134	8	134	8	134	9	134	9	134	10	134	10	134	10	134	10	134	11	134	11
135	4	135	8	135	8	135	8	135	9	135	10	135	10	135	10	135	10	135	11	135	11
136	4	136	8	136	8	136	8	136	9	136	10	136	10	136	10	136	10	136	11	136	11
137	4	137	8	137	8	137	8	137	9	137	9	137	10	137	10	137	10	137	11	137	11
138	4	138	7	138	8	138	8	138	9	138	9	138	10	138	10	138	10	138	11	138	11
139	4	139	7	139	8	139	8	139	9	139	9	139	9	139	10	139	10	139	11	139	11
140	4	140	7	140	8	140	8	140	9	140	9	140	9	140	10	140	10	140	11	140	11
141	3	141	7	141	8	141	8	141	9	141	9	141	9	141	10	141	10	141	11	141	11
142	3	142	7	142	8	142	8	142	9	142	9	142	9	142	10	142	10	142	10	142	11
143	3	143	7	143	8	143	8	143	9	143	9	143	9	143	10	143	10	143	10	143	11
144	3	144	7	144	8	144	8	144	9	144	9	144	9	144	10	144	10	144	10	144	11
145	3	145	7	145	8	145	8	145	8	145	9	145	9	145	10	145	10	145	10	145	11
146	3	146	7	146	8	146	8	146	8	146	9	146	9	146	10	146	10	146	10	146	11
147	3	147	7	147	8	147	8	147	8	147	9	147	9	147	10	147	10	147	10	147	11
148	3	148	7	148	8	148	8	148	8	148	9	148	9	148	10	148	10	148	10	148	11
149	3	149	7	149	8	149	8	149	8	149	9	149	9	149	9	149	10	149	10	149	11
150	3	150	7	150	8	150	8	150	8	150	9	150	9	150	9	150	10	150	10	150	11
151	3	151	7	151	7	151	8	151	8	151	9	151	9	151	9	151	10	151	10	151	11
152	3	152	7	152	7	152	8	152	8	152	9	152	9	152	9	152	10	152	10	152	11
153	3	153	7	153	7	153	8	153	8	153	9	153	9	153	9	153	10	153	10	153	11
154	3	154	7	154	7	154	8	154	8	154	9	154	9	154	9	154	10	154	10	154	11
155	3	155	7	155	7	155	8	155	8	155	9	155	9	155	9	155	10	155	10	155	11
156	3	156	7	156	7	156	8	156	8	156	9	156	9	156	9	156	10	156	10	156	11
157	3	157	7	157	7	157	8	157	8	157	9	157	9	157	9	157	10	157	10	157	11
158	2	158	7	158	7	158	8	158	8	158	9	158	9	158	9	158	10	158	10	158	11
159	2	159	7	159	7	159	8	159	8	159	8	159	9	159	9	159	10	159	10	159	11
160	2	160	7	160	7	160	8	160	8	160	8	160	9	160	9	160	9	160	10	160	11
161	2	161	7	161	7	161	7	161	8	161	8	161	9	161	9	161	9	161	10	161	11
162	2	162	7	162	7	162	7	162	8	162	8	162	9	162	9	162	9	162	10	162	11
163	2	163	7	163	7	163	7	163	8	163	8	163	9	163	9	163	9	163	10	163	11
164	2	164	7	164	7	164	7	164	8	164	8	164	9	164	9	164	9	164	10	164	10
165	2	165	7	165	7	165	7	165	8	165	8	165	9	165	9	165	9	165	10	165	10
166	2	166	7	166	7	166	7	166	8	166	8	166	9	166	9	166	9	166	10	166	10
167	2	167	7	167	7	167	7	167	8	167	8	167	9	167	9	167	9	167	10	167	10
168	2	168	7	168	7	168	7	168	8	168	8	168	8	168	9	168	9	168	10	168	10
169	2	169	7	169	7	169	7	169	8	169	8	169	8	169	9	169	9	169	10	169	10
170	2	170	7	170	7	170	7	170	8	170	8	170	8	170	9	170	9	170	10	170	10
171	2	171	7	171	7	171	7	171	8	171	8	171	8	171	9	171	9	171	10	171	10
172	2	172	7	172	7	172	7	172	8	172	8	172	8	172	9	172	9	172	10	172	10
173	2	173	7	173	7	173	7	173	8	173	8	173	8	173	9	173	9	173	10	173	10
174	2	174	7	174	7	174	7	174	8	174	8	174	8	174	9	174	9	174	10	174	10
175	2	175	7	175	7	175	7	175	8	175	8	175	8	175	9	175	9	175	10	175	10
176	2	176	7	176	7	176	7	176	8	176	8	176	8	176	9	176	9	176	10	176	10
177	2	177	7	177	7	177	7	177	8	177	8	177	8	177	9	177	9	177	10	177	10
178	2	178	6	178	7	178	7	178	8	178	8	178	8	178	9	178	9	178	10	178	10
179	2	179	6	179	7	179	7	179	8	179	8	179	8	179	9	179	9	179	10	179	10
180	2	180	6	180	7	180	7	180	8	180	8	180	8	180	9	180	9	180	10	180	10
181	2	181	6	181	7	181	7	181	8	181	8	181	8	181	9	181	9	181	10	181	10
182	2	182	6	182	7	182	7	182	8	182	8	182	8	182	9	182	9	182	10	182	10
183	2	183	6	183	7	183	7	183	8	183	8	183	8	183	9	183	9	183	10	183	10
184	2	184	6	184	7	184	7	184	8	184	8	184	8	184	9	184	9	184	10	184	10
185	2	185	6	185	7	185	7	185	8	185	8	185	8	185	9	185	9	185	10	185	10
186	2	186	6	186	7	186	7	186	8	186	8	186	8	186	9	186	9	186	10	186	10
187	2	187	6	187	7	187	7	187	8	187	8	187	8	187	9	187	9	187	10	187	10
188	2	188	6	188	7	188	7	188	8	188	8	188	8	188	9	188	9	188	10	188	10
189	2	189	6	189	7	189	7	189	8	189	8	189	8	189	9	189	9	189	10	189	10
190	2	190	6	190	7	190	7	190	8	190	8	190	8	190	9	190	9	190	10	190	10
191	2	191	6	191	7	191	7	191	7	191	8	191	8	191	8	191	9	191	9	191	10
192	2	192	6	192	7	192	7	192	7	192	8	192	8	192	8	192	9	192	9	192	10
193	2	193	6	193	7	193	7	193	7	193	7	193	8	193	8	193	9	193	9	193	10
194	2	194	6	194	7	194	7	194	7	194	7	194	7	194	8	194	8	194	9	194	10
195	2	195	6	195	7	195	7	195	7	195	7	195	7	195	8	195	8	195	9	195	10
196	2	196	6	196	7	196	7	196	7	196	7	196	7	196	8	196	8	196	9	196	10
197	2	197	6	197	6	197	7	197	7	197	7	197	7	197	8	197	8	197	9	197	10
198	2	198	6	198	6	198	7	198	7	198	7	198	7	198	8	198	8	198	9	198	10
199	2	199	6	199	6	199	7	199	7	199	7	199	7	199	8	199	8	199	9	199	10
200	2	200	6	200	6	200	7	200	7	200	7	200	7	200	8	200	8	200	9	200	10
201	2	201	6	201	6	201	7	201	7	201	7	201	7	201	8	201	8	201	9	201	10
202	2	202	6	202	6	202	7	202	7	202	7	202	7	202	8	202	8	202	9	202	10
203	2	203	6	203	6	203	7	203	7	203	7	203	7	203	8	203	8	203	9	203	10
204	2	204	6	204	6	204	7	204	7	204	7	204	7	204	8	204	8	204	9	204	10
205	2	205	6	205	6	205	7	205	7	205	7	205	7	205	8	205	8	205	9	205	10
206	2	206	6	206	6	206	6	206	7	206	7	206	7	206	8	206	8	206	9	206	10
207	2	207	6	207	6	207	6	207	7	207	7	207	7	207	8	207	8	207	9	207	10
208	2	208	6	208	6	208	6	208	7	208	7	208	7	208	8	208	8	208	9	208	10
209	2	209	6	209	6	209	6	209	7	209	7	209	7	209	8	209	8	209	9	209	10
210	2	210	6	210	6	210	6	210	7	210	7	210	7	210	8	210	8	210	9	210	10
211	2	211	6	211	6	211	6	211	7	211	7	211	7	211	8	211	8	211	9	211	9
212	2	212	6	212	6	212	6	212	7	212	7	212	7	212	8	212	8	212	9	212	9
213	2	213	6	213	6	213	6	213	7	213	7	213	7	213	8	213	8	213	9	213	9
214	2	214	6	214	6	214	6	214	7	214	7	214	7	214	7	214	8	214	9	214	9
215	2	215	6	215	6	215	6	215	7	215	7	215	7	215	7	215	8	215	8	215	9
216	2	216	6	216	6	216	6	216	7	216	7	216	7	216	7	216	8	216	8	216	9
217	2	217	6	217	6	217	6	217	7	217	7	217	7	217	7	217	8	217	8	217	9
218	2	218	6	218	6	218	6	218	7	218	7	218	7	218	7	218	8	218	8	218	9
219	2	219	6	219	6	219	6	219	7	219	7	219	7	219	7	219	8	219	8	219	9
220	2	220	6	220	6	220	6	220	7	220	7	220	7	220	7	220	8	220	8	220	9
221	2	221	6	221	6	221	6	221	7	221	7	221	7	221	7	221	7	221	8	221	9
222	2	222	6	222	6	222	6	222	6	222	6	222	7	222	7	222	7	222	8	222	9
223	2	223	5	223	6	223	6	223	6	223	6	223	7	223	7	223	7	223	8	223	9
224	2	224	5	224	6	224	6	224	6	224	6	224	7	224	7	224	7	224	8	224	9
225	2	225	5	225	6	225	6	225	6	225	6	225	7	225	7	225	7	225	8	225	9
226	2	226	5	226	6	226	6	226	6	226	6	226	7	226	7	226	7	226	8	226	9
227	2	227	5	227	6	227	6	227	6	227	6	227	7	227	7	227	7	227	8	227	9
228	2	228	5	228	6	228	6	228	6	228	6	228	7	228	7	228	7	228	8	228	9
229	2	229	5	229	6	229	6	229	6	229	6	229	7	229	7	229	7	229	8	229	9
230	2	230	5	230	6	230	6	230	6	230	6	230	7	230	7	230	7	230	8	230	9
231	2	231	5	231	5	231	6	231	6	231	6	231	7	231	7	231	7	231	8	231	9
232	2	232	5	232	5	232	6	232	6	232	6	232	7	232	7	232	7	232	8	232	9
233	2	233	5	233	5	233	6	233	6	233	6	233	7	233	7	233	7	233	8	233	9
234	2	234	5	234	5	234	6	234	6	234	6	234	7	234	7	234	7	234	8	234	9
235	2	235	5	235	5	235	6	235	6	235	6	235	7	235	7	235	7	235	8	235	9
236	2	236	5	236	5	236	6	236	6	236	6	236	7	236	7	236	7	236	8	236	8
237	2	237	5	237	5	237	6	237	6	237	6	237	7	237	7	237	7	237	8	237	8
238	2	238	5	238	5	238	6	238	6	238	6	238	7	238	7	238	7	238	8	238	8
239	2	239	5	239	5	239	6	239	6	239	6	239	7	239	7	239	7	239	8	239	8
240	2	240	5	240	5	240	6	240	6	240	6	240	7	240	7	240	7	240	8	240	8
241	2	241	5	241	5	241	6	241	6	241	6	241	6	241	7	241	7	241	7	241	8
242	2	242	5	242	5	242	6	242	6	242	6	242	6	242	7	242	7	242	7	242	8
243	2	243	5	243	5	243	6	243	6	243	6	243	6	243	7	243	7	243	7	243	8
244	2	244	5	244	5	244	6	244	6	244	6	244	6	244	7	244	7	244	7	244	8
245	2	245	5	245	5	245	6	245	6	245	6	245	6	245	7	245	7	245	7	245	8
246	2	246	5	246	5	246	6	246	6	246	6	246	6	246	7	246	7	246	7	246	8
247	2	247	5	247	5	247	6	247	6	247	6	247	6	247	7	247	7	247	7	247	8
248	2	248	5	248	5	248	6	248	6	248	6	248	6	248	7	248	7	248	7	248	8
249	2	249	5	249	5	249	6	249	6	249	6	249	6	249	7	249	7	249	7	249	8
250	2	250	5	250	5	250	6	250	6	250	6	250	6	250	7	250	7	250	7	250	8
251	2	251	5	251	5	251	6	251	6	251	6	251	6	251	7	251	7	251	7	251	8
252	2	252	5	252	5	252	6	252	6	252	6	252	6	252	7	252	7	252	7	252	8
253	2	253	5	253	5	253	5	253	6	253	6	253	6	253	7	253	7	253	7	253	8
254	2	254	5	254	5	254	5	254	6	254	6	254	6	254	7	254	7	254	7	254	8
255	2	255	5	255	5	255	5	255	6	255	6	255	6	255	7	255	7	255	7	255	8
256	2	256	5	256	5	256	5	256	6	256	6	256	6	256	7	256	7	256	7	256	8
257	2	257	5	257	5	257	5	257	6	257	6	257	6	257	7	257	7	257	7	257	8
258	2	258	5	258	5	258	5	258	6	258	6	258	6	258	7	258	7	258	7	258	8
259	2	259	5	259	5	259	5	259	6	259	6	259	6	259	7	259	7	259	7	259	8
260	2	260	5	260	5	260	5	260	6	260	6	260	6	260	7	260	7	260	7	260	8
261	2	261	5	261	5	261	5	261	6	261	6	261	6	261	7	261	7	261	7	261	8
262	2	262	5	262	5	262	5	262	6	262	6	262	6	262	7	262	7	262	7	262	8
263	2	263	5	263	5	263	5	263	6	263	6	263	6	263	7	263	7	263	7	263	8
264	2	264	5	264	5	264	5	264	6	264	6	264	6	264	7	264	7	264	7	264	8
265	2	265	5	265	5	265	5	265	6	265	6	265	6	265	7	265	7	265	7	265	8
266	2	266	5	266	5	266	5	266	6	266	6	266	6	266	7	266	7	266	7	266	8
267	2	267	5	267	5	267	5	267	6	267	5	267	6	267	7	267	7	267	7	267	8
268	2	268	5	268	5	268	5	268	6	268	5	268	6	268	7	268	7	268	7	268	8
269	2	269	5	269	5	269	5	269	6	269	5	269	6	269	7	269	7	269	7	269	8
270	2	270	5	270	5	270	5	270	6	270	5	270	6	270	7	270	7	270	7	270	8
271	2	271	5	271	5	271	5	271	6	271	5	271	6	271	7	271	7	271	7	271	8
272	2	272	5	272	5	272	5	272	6	272	5	272	6	272	7	272	7	272	7	272	8
273	2	273	5	273	5	273	5	273	6	273	5	273	6	273	7	273	7	273	7	273	8
274	2	274	5	274	5	274	5	274	6	274	5	274	6	274	6	274	7	274	7	274	8
275	2	275	5	275	5	275	5	275	6	275	5	275	6	275	6	275	7	275	7	275	8
276	2	276	5	276	5	276	5	276	6	276	5	276	6	276	6	276	7	276	7	276	8
277	2	277	5	277	5	277	5	277	6	277	5	277	6	277	6	277	7	277	7	277	8
278	2	278	5	278	5	278	5	278	6	278	5	278	6	278	6	278	7	278	7	278	8
279	2	279	5	279	5	279	5	279	6	279	5	279	6	279	6	279	7	279	7	279	8
280	2	280	5	280	5	280	5	280	6	280	5	280	6	280	6	280	7	280	7	280	8
281	2	281	5	281	5	281	5	281	6	281	5	281	6	281	6	281	6	281	7	281	8
282	2	282	5	282	5	282	5	282	6	282	5	282	6	282	6	282	6	282	7	282	8
283	2	283	5	283	5	283	5	283	6	283	5	283	6	283	6	283	6	283	7	283	8
284	2	284	5	284	5	284	5	284	6	284	5	284	6	284	6	284	6	284	7	284	8
285	2	285	5	285	5	285	5	285	6	285	5	285	6	285	6	285	6	285	7	285	8
286	2	286	5	286	5	286	5	286	6	286	5	286	6	286	6	286	6	286	7	286	8
287	2	287	5	287	5	287	5	287	6	287	5	287	6	287	6	287	6	287	7	287	8
288	2	288	5	288	5	288	5	288	6	288	5	288	6	288	6	288	6	288	7	288	8
289	2	289	5	289	5	289	5	289	6	289	5	289	6	289	6	289	6	289	7	289	8
290	2	290	5	290	5	290	5	290	6	290	5	290	6	290	6	290	6	290	7	290	8
291	2	291	5	291	5	291	5	291	6	291	5	291	6	291	6	291	6	291	7	291	8
292	2	292	5	292	5	292	5	292	6	292	5	292	6	292	6	292	6	292	7	292	8
293	2	293	5	293	5	293	5	293	6	293	5	293	6	293	6	293	6	293	7	293	8
294	2	294	5	294	5	294	5	294	6	294	5	294	6	294	6	294	6	294	7	294	8
295	2	295	5	295	5	295	5	295	6	295	5	295	6	295	6	295	6	295	7	295	8
296	2	296	5	296	5	296	5	296	6	296	5	296	6	296	6	296	6	296	7	296	8
297	2	297	5	297	5	297	5	297	6	297	5	297	6	297	6	297	6	297	7	297	8
298	2	298	5	298	5	298	5	298	6	298	5	298	6	298	6	298	6	298	7	298	8
299	2	299	5	299	5	299	5	299	6	299	5	299	6	299	6	299	6	299	7	299	7
300	2	300	5	300	5	300	5	300	6	300	5	300	6	300	6	300	6	300	7	300	7
301	2	301	5	301	5	301	5	301	5	301	5	301	6	301	6	301	6	301	7	301	7
302	2	302	5	302	5	302	5	302	5	302	5	302	6	302	6	302	6	302	7	302	7
303	2	303	5	303	5	303	5	303	5	303	5	303	6	303	6	303	6	303	7	303	7
304	2	304	5	304	5	304	5	304	5	304	5	304	6	304	6	304	6	304	7	304	7
305	2	305	5	305	5	305	5	305	5	305	5	305	6	305	6	305	6	305	7	305	7
306	2	306	5	306	5	306	5	306	5	306	5	306	6	306	6	306	6	306	7	306	7
307	2	307	5	307	5	307	5	307	5	307	5	307	6	307	6	307	6	307	7	307	7
308	2	308	5	308	5	308	5	308	5	308	5	308	6	308	6	308	6	308	7	308	7
309	2	309	5	309	5	309	5	309	5	309	5	309	5	309	6	309	6	309	7	309	7
310	2	310	5	310	5	310	5	310	5	310	5	310	5	310	6	310	6	310	7	310	7
311	2	311	5	311	5	311	5	311	5	311	5	311	5	311	6	311	6	311	7	311	7
312	2	312	5	312	5	312	5	312	5	312	5	312	5	312	6	312	6	312	7	312	7
313	2	313	5	313	5	313	5	313	5	313	5	313	5	313	6	313	6	313	7	313	7
314	2	314	5	314	5	314	5	314	5	314	5	314	5	314	6	314	6	314	7	314	7
315	2	315	5	315	5	315	5	315	5	315	5	315	5	315	6	315	6	315	7	315	7
316	2	316	5	316	5	316	5	316	5	316	5	316	5	316	6	316	6	316	7	316	7
317	2	317	5	317	5	317	5	317	5	317	5	317	5	317	6	317	6	317	6	317	7
318	2	318	5	318	5	318	5	318	5	318	4	318	5	318	6	318	6	318	6	318	7
319	2	319	5	319	5	319	5	319	5	319	4	319	5	319	6	319	6	319	6	319	7
320	2	320	5	320	5	320	5	320	5	320	4	320	5	320	6	320	6	320	6	320	7
321	2	321	5	321	5	321	5	321	5	321	4	321	5	321	6	321	6	321	6	321	7
322	2	322	5	322	5	322	5	322	5	322	4	322	5	322	6	322	6	322	6	322	7
323	2	323	5	323	5	323	5	323	5	323	4	323	5	323	6	323	6	323	6	323	7
324	2	324	5	324	5	324	5	324	5	324	4	324	5	324	6	324	6	324	6	324	7
325	2	325	5	325	5	325	5	325	5	325	4	325	5	325	6	325	6	325	6	325	7
326	2	326	5	326	5	326	5	326	5	326	4	326	5	326	6	326	6	326	6	326	7
327	2	327	5	327	5	327	5	327	5	327	4	327	5	327	6	327	6	327	6	327	7
328	2	328	5	328	5	328	5	328	5	328	4	328	5	328	6	328	6	328	6	328	7
329	2	329	5	329	5	329	5	329	5	329	4	329	5	329	6	329	6	329	6	329	7
330	2	330	5	330	5	330	5	330	5	330	4	330	5	330	6	330	6	330	6	330	7
331	2	331	5	331	5	331	5	331	5	331	4	331	5	331	6	331	6	331	6	331	7
332	2	332	5	332	5	332	5	332	5	332	4	332	5	332	6	332	6	332	6	332	7
333	2	333	5	333	5	333	5	333	5	333	4	333	5	333	6	333	6	333	6	333	7
334	2	334	5	334	5	334	5	334	5	334	4	334	5	334	6	334	6	334	6	334	7
335	2	335	5	335	5	335	5	335	5	335	4	335	5	335	6	335	6	335	6	335	7
336	2	336	5	336	5	336	5	336	5	336	4	336	5	336	6	336	6	336	6	336	7
337	2	337	5	337	5	337	5	337	5	337	4	337	5	337	5	337	6	337	6	337	7
338	2	338	5	338	5	338	5	338	5	338	4	338	5	338	5	338	6	338	6	338	7
339	2	339	5	339	5	339	5	339	5	339	4	339	5	339	5	339	6	339	6	339	7
340	2	340	5	340	5	340	5	340	5	340	4	340	5	340	5	340	6	340	6	340	7
341	2	341	5	341	5	341	5	341	5	341	4	341	5	341	5	341	6	341	6	341	7
342	2	342	5	342	5	342	5	342	5	342	4	342	5	342	5	342	6	342	6	342	7
343	2	343	5	343	5	343	5	343	5	343	4	343	5	343	5	343	6	343	6	343	7
344	2	344	5	344	5	344	5	344	5	344	4	344	5	344	5	344	6	344	6	344	7
345	2	345	5	345	5	345	5	345	5	345	4	345	5	345	5	345	6	345	6	345	7
346	2	346	5	346	5	346	5	346	5	346	4	346	5	346	5	346	6	346	6	346	7
347	2	347	5	347	5	347	5	347	5	347	4	347	5	347	5	347	6	347	6	347	7
348	2	348	5	348	5	348	5	348	5	348	4	348	5	348	5	348	6	348	6	348	7
349	2	349	5	349	5	349	5	349	5	349	4	349	5	349	5	349	6	349	6	349	7
350	2	350	5	350	5	350	5	350	5	350	4	350	5	350	5	350	6	350	6	350	7
351	2	351	5	351	5	351	5	351	5	351	4	351	5	351	5	351	6	351	6	351	7
352	2	352	5	352	5	352	5	352	5	352	4	352	5	352	5	352	6	352	6	352	7
353	2	353	5	353	5	353	5	353	5	353	4	353	5	353	5	353	6	353	5	353	6
354	2	354	5	354	5	354	5	354	5	354	4	354	5	354	5	354	6	354	5	354	6
355	2	355	5	355	5	355	5	355	5	355	4	355	5	355	5	355	6	355	5	355	6
356	2	356	5	356	5	356	5	356	5	356	4	356	5	356	5	356	6	356	5	356	6
357	2	357	5	357	5	357	5	357	5	357	4	357	5	357	5	357	6	357	5	357	6
358	2	358	5	358	5	358	5	358	5	358	4	358	5	358	5	358	6	358	5	358	6
359	2	359	5	359	5	359	5	359	5	359	4	359	5	359	5	359	6	359	5	359	6
360	2	360	5	360	5	360	5	360	5	360	4	360	5	360	5	360	6	360	5	360	6
361	2	361	5	361	5	361	5	361	5	361	4	361	5	361	5	361	6	361	5	361	6
362	2	362	5	362	5	362	5	362	5	362	4	362	5	362	5	362	6	362	5	362	6
363	2	363	5	363	5	363	5	363	5	363	4	363	5	363	5	363	6	363	5	363	6
364	2	364	5	364	5	364	5	364	5	364	4	364	5	364	5	364	6	364	5	364	6
365	2	365	5	365	5	365	5	365	5	365	4	365	5	365	5	365	5	365	5	365	6
366	2	366	5	366	5	366	5	366	5	366	4	366	5	366	5	366	5	366	5	366	6
367	2	367	5	367	5	367	5	367	5	367	4	367	5	367	5	367	5	367	5	367	6
368	2	368	5	368	5	368	5	368	5	368	4	368	5	368	5	368	5	368	5	368	5
369	2	369	5	369	5	369	5	369	5	369	4	369	5	369	5	369	5	369	5	369	5
370	2	370	5	370	5	370	5	370	5	370	4	370	5	370	5	370	5	370	5	370	5
371	2	371	5	371	5	371	5	371	5	371	4	371	5	371	5	371	5	371	5	371	5
372	2	372	5	372	5	372	5	372	5	372	4	372	5	372	5	372	5	372	5	372	5
373	2	373	5	373	5	373	5	373	5	373	4	373	5	373	5	373	5	373	5	373	5
374	2	374	5	374	5	374	5	374	5	374	4	374	5	374	5	374	5	374	5	374	5
375	2	375	5	375	5	375	5	375	5	375	4	375	5	375	5	375	5	375	5	375	5
376	2	376	5	376	5	376	5	376	5	376	4	376	5	376	5	376	5	376	5	376	5
377	2	377	5	377	5	377	5	377	5	377	4	377	5	377	5	377	5	377	5	377	5
378	2	378	5	378	5	378	5	378	5	378	4	378	5	378	5	378	5	378	5	378	5
379	2	379	5	379	5	379	5	379	5	379	4	379	5	379	5	379	5	379	5	379	5
380	2	380	5	380	5	380	5	380	5	380	4	380	5	380	5	380	5	380	5	380	5
381	2	381	4	381	4	381	4	381	5	381	4	381	5	381	5	381	5	381	5	381	5
382	2	382	4	382	4	382	4	382	5	382	4	382	5	382	5	382	5	382	5	382	5
383	2	383	4	383	3	383	3	383	5	383	3	383	5	383	5	383	5	383	5	383	5
384	2	384	4	384	3	384	3	384	5	384	3	384	5	384	5	384	5	384	5	384	5
385	2	385	4	385	3	385	3	385	5	385	3	385	5	385	5	385	5	385	5	385	5
386	2	386	4	386	3	386	3	386	5	386	3	386	5	386	5	386	5	386	5	386	5
387	2	387	4	387	3	387	3	387	5	387	3	387	5	387	5	387	5	387	5	387	5
388	2	388	4	388	3	388	3	388	5	388	3	388	5	388	5	388	5	388	5	388	5
389	2	389	4	389	3	389	3	389	5	389	3	389	5	389	5	389	5	389	5	389	5
390	2	390	4	390	3	390	3	390	5	390	3	390	5	390	5	390	5	390	5	390	5
391	2	391	4	391	3	391	3	391	5	391	3	391	5	391	5	391	5	391	5	391	5
392	2	392	4	392	3	392	3	392	5	392	3	392	5	392	5	392	5	392	5	392	5
393	2	393	4	393	3	393	3	393	5	393	3	393	5	393	5	393	5	393	5	393	5
394	2	394	4	394	3	394	3	394	5	394	3	394	5	394	5	394	5	394	5	394	5
395	2	395	4	395	3	395	3	395	5	395	3	395	5	395	5	395	5	395	5	395	5
396	2	396	4	396	3	396	3	396	5	396	3	396	5	396	5	396	5	396	5	396	5
397	2	397	4	397	3	397	3	397	5	397	3	397	5	397	5	397	5	397	5	397	5
398	2	398	4	398	3	398	3	398	5	398	3	398	5	398	5	398	5	398	5	398	5
399	2	399	4	399	3	399	3	399	5	399	3	399	5	399	5	399	5	399	5	399	5
400	2	400	4	400	3	400	3	400	5	400	3	400	5	400	5	400	5	400	5	400	5
401	2	401	4	401	3	401	3	401	5	401	3	401	5	401	5	401	5	401	5	401	5
402	2	402	4	402	3	402	3	402	4	402	2	402	5	402	5	402	5	402	5	402	5
403	2	403	4	403	3	403	3	403	4	403	2	403	5	403	5	403	5	403	5	403	5
404	2	404	4	404	3	404	3	404	4	404	2	404	5	404	5	404	5	404	5	404	5
405	2	405	4	405	3	405	3	405	4	405	2	405	5	405	5	405	5	405	5	405	5
406	2	406	3	406	2	406	2	406	4	406	2	406	5	406	5	406	5	406	5	406	5
407	2	407	3	407	2	407	2	407	4	407	2	407	5	407	5	407	5	407	5	407	5
408	2	408	3	408	2	408	2	408	4	408	2	408	5	408	5	408	5	408	5	408	5
409	2	409	3	409	2	409	2	409	4	409	2	409	5	409	5	409	5	409	5	409	5
410	2	410	3	410	2	410	2	410	4	410	2	410	5	410	5	410	5	410	5	410	5
411	2	411	3	411	2	411	2	411	4	411	2	411	5	411	5	411	5	411	5	411	5
412	2	412	3	412	2	412	2	412	4	412	2	412	5	412	5	412	5	412	5	412	5
413	2	413	3	413	2	413	2	413	4	413	2	413	5	413	5	413	5	413	5	413	5
414	2	414	3	414	2	414	2	414	4	414	2	414	5	414	5	414	5	414	5	414	5
415	2	415	3	415	2	415	2	415	4	415	2	415	5	415	5	415	5	415	5	415	5
416	2	416	3	416	2	416	2	416	4	416	2	416	5	416	5	416	5	416	5	416	5
417	2	417	3	417	2	417	2	417	4	417	2	417	5	417	5	417	5	417	5	417	5
418	2	418	3	418	2	418	2	418	4	418	2	418	5	418	5	418	5	418	5	418	5
419	2	419	3	419	2	419	2	419	4	419	2	419	5	419	5	419	5	419	5	419	5
420	2	420	3	420	2	420	2	420	4	420	2	420	5	420	5	420	5	420	5	420	5
421	2	421	3	421	2	421	2	421	4	421	2	421	4	421	5	421	5	421	5	421	5
422	2	422	3	422	2	422	2	422	4	422	2	422	4	422	5	422	5	422	5	422	5
423	2	423	3	423	2	423	2	423	4	423	2	423	4	423	5	423	5	423	5	423	5
424	2	424	3	424	2	424	2	424	4	424	2	424	4	424	5	424	5	424	5	424	5
425	2	425	3	425	2	425	2	425	4	425	2	425	4	425	5	425	5	425	5	425	5
426	2	426	3	426	2	426	2	426	4	426	2	426	4	426	5	426	5	426	5	426	5
427	2	427	3	427	2	427	2	427	4	427	2	427	4	427	5	427	5	427	5	427	5
428	2	428	3	428	2	428	2	428	4	428	2	428	4	428	5	428	5	428	5	428	5
429	2	429	3	429	2	429	2	429	4	429	2	429	4	429	5	429	5	429	4	429	4
430	2	430	3	430	2	430	2	430	4	430	2	430	4	430	5	430	5	430	4	430	4
431	2	431	3	431	2	431	2	431	4	431	2	431	4	431	5	431	5	431	4	431	4
432	2	432	3	432	2	432	2	432	4	432	2	432	4	432	5	432	5	432	4	432	4
433	2	433	3	433	2	433	2	433	4	433	2	433	4	433	5	433	5	433	4	433	4
434	2	434	3	434	2	434	2	434	4	434	2	434	4	434	5	434	5	434	4	434	4
435	2	435	3	435	2	435	2	435	4	435	2	435	4	435	5	435	5	435	4	435	4
436	2	436	3	436	2	436	2	436	4	436	2	436	4	436	5	436	5	436	4	436	4
437	2	437	3	437	2	437	2	437	4	437	2	437	4	437	5	437	5	437	4	437	4
438	2	438	3	438	2	438	2	438	4	438	2	438	4	438	5	438	5	438	4	438	4
439	2	439	3	439	2	439	2	439	4	439	2	439	4	439	5	439	5	439	4	439	4
440	2	440	3	440	2	440	2	440	4	440	2	440	4	440	5	440	5	440	4	440	4
441	2	441	3	441	2	441	2	441	4	441	2	441	4	441	5	441	5	441	4	441	4
442	2	442	3	442	2	442	2	442	4	442	2	442	4	442	5	442	5	442	4	442	4
443	2	443	3	443	2	443	2	443	4	443	2	443	4	443	5	443	5	443	4	443	4
444	2	444	3	444	2	444	2	444	4	444	2	444	4	444	5	444	5	444	4	444	4
445	2	445	3	445	2	445	2	445	4	445	2	445	4	445	5	445	5	445	4	445	4
446	2	446	3	446	2	446	2	446	4	446	2	446	4	446	5	446	5	446	4	446	4
447	2	447	3	447	2	447	2	447	4	447	2	447	4	447	5	447	5	447	4	447	4
448	2	448	3	448	2	448	2	448	4	448	2	448	4	448	5	448	5	448	4	448	4
449	2	449	3	449	2	449	2	449	3	449	2	449	3	449	4	449	5	449	4	449	4
450	2	450	3	450	2	450	2	450	3	450	2	450	3	450	4	450	5	450	4	450	4
451	2	451	3	451	2	451	2	451	3	451	2	451	3	451	4	451	5	451	4	451	4
452	2	452	3	452	2	452	2	452	3	452	2	452	3	452	4	452	5	452	4	452	4
453	2	453	3	453	2	453	2	453	3	453	2	453	3	453	4	453	5	453	4	453	4
454	2	454	3	454	2	454	2	454	3	454	2	454	3	454	4	454	5	454	4	454	4
455	2	455	3	455	2	455	2	455	3	455	2	455	3	455	4	455	5	455	4	455	4
456	2	456	3	456	2	456	2	456	3	456	2	456	3	456	4	456	5	456	4	456	4
457	2	457	3	457	2	457	2	457	3	457	2	457	3	457	4	457	5	457	4	457	4
458	2	458	3	458	2	458	2	458	3	458	2	458	3	458	4	458	5	458	4	458	4
459	2	459	3	459	2	459	2	459	3	459	2	459	3	459	4	459	5	459	4	459	4
460	2	460	3	460	2	460	2	460	3	460	2	460	3	460	4	460	5	460	4	460	4
461	2	461	3	461	2	461	2	461	3	461	2	461	3	461	4	461	5	461	4	461	2
462	2	462	3	462	2	462	2	462	3	462	2	462	3	462	3	462	4	462	3	462	2
463	2	463	3	463	2	463	2	463	3	463	2	463	3	463	3	463	4	463	3	463	2
464	2	464	3	464	2	464	2	464	3	464	2	464	3	464	3	464	4	464	3	464	2
465	2	465	3	465	2	465	2	465	3	465	2	465	3	465	3	465	4	465	3	465	2
466	2	466	3	466	2	466	2	466	3	466	2	466	3	466	3	466	4	466	3	466	2
467	2	467	3	467	2	467	2	467	3	467	2	467	3	467	3	467	4	467	3	467	2
468	2	468	3	468	2	468	2	468	3	468	2	468	3	468	3	468	4	468	3	468	2
469	2	469	3	469	2	469	2	469	3	469	2	469	3	469	3	469	4	469	3	469	2
470	2	470	3	470	2	470	2	470	3	470	2	470	3	470	3	470	4	470	3	470	2
471	2	471	3	471	2	471	2	471	3	471	2	471	3	471	3	471	4	471	3	471	2
472	2	472	3	472	2	472	2	472	3	472	2	472	3	472	3	472	4	472	3	472	2
473	2	473	3	473	2	473	2	473	3	473	2	473	3	473	3	473	4	473	3	473	2
474	2	474	3	474	2	474	2	474	3	474	2	474	3	474	3	474	4	474	3	474	2
475	2	475	3	475	2	475	2	475	3	475	2	475	3	475	3	475	4	475	3	475	2
476	2	476	3	476	2	476	2	476	3	476	2	476	3	476	3	476	4	476	3	476	2
477	2	477	3	477	2	477	2	477	3	477	2	477	3	477	3	477	4	477	3	477	2
478	2	478	3	478	2	478	2	478	3	478	2	478	3	478	3	478	4	478	3	478	2
479	2	479	3	479	2	479	2	479	3	479	2	479	3	479	3	479	4	479	3	479	2
480	2	480	2	480	2	480	2	480	3	480	2	480	3	480	3	480	4	480	3	480	2
481	2	481	2	481	2	481	2	481	2	481	2	481	3	481	3	481	4	481	3	481	2
482	2	482	2	482	2	482	2	482	2	482	2	482	3	482	3	482	4	482	3	482	2
483	2	483	2	483	2	483	2	483	2	483	2	483	3	483	3	483	4	483	3	483	2
484	2	484	2	484	2	484	2	484	2	484	2	484	3	484	3	484	4	484	3	484	2
485	2	485	2	485	2	485	2	485	2	485	2	485	3	485	3	485	4	485	3	485	2
486	2	486	2	486	2	486	2	486	2	486	2	486	3	486	3	486	4	486	3	486	2
487	2	487	2	487	2	487	2	487	2	487	2	487	3	487	3	487	4	487	3	487	2
488	2	488	2	488	2	488	2	488	2	488	2	488	3	488	3	488	4	488	3	488	2
489	2	489	2	489	2	489	2	489	2	489	2	489	3	489	3	489	4	489	3	489	2
490	2	490	2	490	2	490	2	490	2	490	2	490	3	490	3	490	4	490	3	490	2
491	2	491	2	491	2	491	2	491	2	491	2	491	3	491	3	491	4	491	3	491	2
492	2	492	2	492	2	492	2	492	2	492	2	492	3	492	3	492	4	492	3	492	2
493	2	493	2	493	2	493	2	493	2	493	2	493	3	493	3	493	4	493	3	493	2
494	2	494	2	494	2	494	2	494	2	494	2	494	3	494	3	494	4	494	3	494	2
495	2	495	2	495	2	495	2	495	2	495	2	495	3	495	3	495	4	495	3	495	2
496	2	496	2	496	2	496	2	496	2	496	2	496	3	496	3	496	4	496	3	496	2
497	2	497	2	497	2	497	2	497	2	497	2	497	3	497	3	497	4	497	3	497	2
498	2	498	2	498	2	498	2	498	2	498	2	498	3	498	3	498	4	498	3	498	2
499	2	499	2	499	2	499	2	499	2	499	2	499	3	499	3	499	4	499	3	499	2
500	2	500	2	500	2	500	2	500	2	500	2	500	3	500	3	500	4	500	3	500	2
501	2	501	2	501	2	501	2	501	2	501	2	501	2	501	2	501	3	501	3	501	2
502	2	502	2	502	2	502	2	502	2	502	2	502	2	502	2	502	3	502	3	502	2
503	2	503	2	503	2	503	2	503	2	503	2	503	2	503	2	503	3	503	3	503	2
504	2	504	2	504	2	504	2	504	2	504	2	504	2	504	2	504	3	504	3	504	2
505	2	505	2	505	2	505	2	505	2	505	2	505	2	505	2	505	3	505	3	505	2
506	2	506	2	506	2	506	2	506	2	506	2	506	2	506	2	506	3	506	3	506	2
507	2	507	2	507	2	507	2	507	2	507	2	507	2	507	2	507	3	507	3	507	2
508	2	508	2	508	2	508	2	508	2	508	2	508	2	508	2	508	3	508	3	508	2
509	2	509	2	509	2	509	2	509	2	509	2	509	2	509	2	509	3	509	3	509	2
510	2	510	2	510	2	510	2	510	2	510	2	510	2	510	2	510	3	510	3	510	2
511	2	511	2	511	2	511	2	511	2	511	2	511	2	511	2	511	3	511	3	511	2
512	2	512	2	512	2	512	2	512	2	512	2	512	2	512	2	512	3	512	3	512	2
513	2	513	2	513	2	513	2	513	2	513	2	513	2	513	2	513	3	513	3	513	2
514	2	514	2	514	2	514	2	514	2	514	2	514	2	514	2	514	3	514	3	514	2
515	2	515	2	515	2	515	2	515	2	515	2	515	2	515	2	515	3	515	3	515	2
516	2	516	2	516	2	516	2	516	2	516	2	516	2	516	2	516	3	516	3	516	2
517	2	517	2	517	2	517	2	517	2	517	2	517	2	517	2	517	3	517	3	517	2
518	2	518	2	518	2	518	2	518	2	518	2	518	2	518	2	518	3	518	3	518	2
519	2	519	2	519	2	519	2	519	2	519	2	519	2	519	2	519	3	519	3	519	2
520	2	520	2	520	2	520	2	520	2	520	2	520	2	520	2	520	3	520	3	520	2
521	2	521	2	521	2	521	2	521	2	521	2	521	2	521	2	521	3	521	3	521	2
522	2	522	2	522	2	522	2	522	2	522	2	522	2	522	2	522	3	522	3	522	2
523	2	523	2	523	2	523	2	523	2	523	2	523	2	523	2	523	3	523	3	523	2
524	2	524	2	524	2	524	2	524	2	524	2	524	2	524	2	524	3	524	3	524	2
525	2	525	2	525	2	525	2	525	2	525	2	525	2	525	2	525	3	525	3	525	2
526	2	526	2	526	2	526	2	526	2	526	2	526	2	526	2	526	3	526	3	526	2
527	2	527	2	527	2	527	2	527	2	527	2	527	2	527	2	527	3	527	3	527	2
528	2	528	2	528	2	528	2	528	2	528	2	528	2	528	2	528	3	528	3	528	2
529	2	529	2	529	2	529	2	529	2	529	2	529	2	529	2	529	3	529	3	529	2
530	2	530	2	530	2	530	2	530	2	530	2	530	2	530	2	530	3	530	3	530	2
531	2	531	2	531	2	531	2	531	2	531	2	531	2	531	2	531	3	531	3	531	2
532	2	532	2	532	2	532	2	532	2	532	2	532	2	532	2	532	3	532	3	532	2
533	2	533	2	533	2	533	2	533	2	533	2	533	2	533	2	533	3	533	3	533	2
534	2	534	2	534	2	534	2	534	2	534	2	534	2	534	2	534	3	534	3	534	2
535	2	535	2	535	2	535	2	535	2	535	2	535	2	535	2	535	3	535	3	535	2
536	2	536	2	536	2	536	2	536	2	536	2	536	2	536	2	536	3	536	3	536	2
537	2	537	2	537	2	537	2	537	2	537	2	537	2	537	2	537	3	537	3	537	2
538	2	538	2	538	2	538	2	538	2	538	2	538	2	538	2	538	3	538	3	538	2
539	2	539	2	539	2	539	2	539	2	539	2	539	2	539	2	539	3	539	2	539	2
540	2	540	2	540	2	540	2	540	2	540	2	540	2	540	2	540	2	540	2	540	2
541	2	541	2	541	2	541	2	541	2	541	2	541	2	541	2	541	2	541	2	541	2
542	2	542	2	542	2	542	2	542	2	542	2	542	2	542	2	542	2	542	2	542	2
543	2	543	2	543	2	543	2	543	2	543	2	543	2	543	2	543	2	543	2	543	2
544	2	544	2	544	2	544	2	544	2	544	2	544	2	544	2	544	2	544	2	544	2
545	2	545	2	545	2	545	2	545	2	545	2	545	2	545	2	545	2	545	2	545	2
546	2	546	2	546	2	546	2	546	2	546	2	546	2	546	2	546	2	546	2	546	2
547	2	547	2	547	2	547	2	547	2	547	2	547	2	547	2	547	2	547	2	547	2
548	2	548	2	548	2	548	2	548	2	548	2	548	2	548	2	548	2	548	2	548	2
549	2	549	2	549	2	549	2	549	2	549	2	549	2	549	2	549	2	549	2	549	2
550	2	550	2	550	2	550	2	550	2	550	2	550	2	550	2	550	2	550	2	550	2
551	2	551	2	551	2	551	2	551	2	551	2	551	2	551	2	551	2	551	2	551	2
552	2	552	2	552	2	552	2	552	2	552	2	552	2	552	2	552	2	552	2	552	2
553	2	553	2	553	2	553	2	553	2	553	2	553	2	553	2	553	2	553	2	553	2
554	2	554	2	554	2	554	2	554	2	554	2	554	2	554	2	554	2	554	2	554	2
555	2	555	2	555	2	555	2	555	2	555	2	555	2	555	2	555	2	555	2	555	2
556	2	556	2	556	2	556	2	556	2	556	2	556	2	556	2	556	2	556	2	556	2
557	2	557	2	557	2	557	2	557	2	557	2	557	2	557	2	557	2	557	2	557	2
558	2	558	2	558	2	558	2	558	2	558	2	558	2	558	2	558	2	558	2	558	2
559	2	559	2	559	2	559	2	559	2	559	2	559	2	559	2	559	2	559	2	559	2
560	2	560	2	560	2	560	2	560	2	560	2	560	2	560	2	560	2	560	2	560	2
561	2	561	2	561	2	561	2	561	2	561	2	561	2	561	2	561	2	561	2	561	2
562	2	562	2	562	2	562	2	562	2	562	2	562	2	562	2	562	2	562	2	562	2
563	2	563	2	563	2	563	2	563	2	563	2	563	2	563	2	563	2	563	2	563	2
564	2	564	2	564	2	564	2	564	2	564	2	564	2	564	2	564	2	564	2	564	2
565	2	565	2	565	2	565	2	565	2	565	2	565	2	565	2	565	2	565	2	565	2
566	2	566	2	566	2	566	2	566	2	566	2	566	2	566	2	566	2	566	2	566	2
567	2	567	2	567	2	567	2	567	2	567	2	567	2	567	2	567	2	567	2	567	2
568	2	568	2	568	2	568	2	568	2	568	2	568	2	568	2	568	2	568	2	568	2
569	2	569	2	569	2	569	2	569	2	569	2	569	2	569	2	569	2	569	2	569	2
570	2	570	2	570	2	570	2	570	2	570	2	570	2	570	2	570	2	570	2	570	2
571	2	571	2	571	2	571	2	571	2	571	2	571	2	571	2	571	2	571	2	571	2
572	2	572	2	572	2	572	2	572	2	572	2	572	2	572	2	572	2	572	2	572	2
573	2	573	2	573	2	573	2	573	2	573	2	573	2	573	2	573	2	573	2	573	2
574	2	574	2	574	2	574	2	574	2	574	2	574	2	574	2	574	2	574	2	574	2
575	2	575	2	575	2	575	2	575	2	575	2	575	2	575	2	575	2	575	2	575	2
576	2	576	2	576	2	576	2	576	2	576	2	576	2	576	2	576	2	576	2	576	2
577	2	577	2	577	2	577	2	577	2	577	2	577	2	577	2	577	2	577	2	577	2
578	2	578	2	578	2	578	2	578	2	578	2	578	2	578	2	578	2	578	2	578	2
579	2	579	2	579	2	579	2	579	2	579	2	579	2	579	2	579	2	579	2	579	2
580	2	580	2	580	2	580	2	580	2	580	2	580	2	580	2	580	2	580	2	580	2
581	2	581	2	581	2	581	2	581	2	581	2	581	2	581	2	581	2	581	2	581	2
582	2	582	2	582	2	582	2	582	2	582	2	582	2	582	2	582	2	582	2	582	2
583	2	583	2	583	2	583	2	583	2	583	2	583	2	583	2	583	2	583	2	583	2
584	2	584	2	584	2	584	2	584	2	584	2	584	2	584	2	584	2	584	2	584	2
585	2	585	2	585	2	585	2	585	2	585	2	585	2	585	2	585	2	585	2	585	2
586	2	586	2	586	2	586	2	586	2	586	2	586	2	586	2	586	2	586	2	586	2
587	2	587	2	587	2	587	2	587	2	587	2	587	2	587	2	587	2	587	2	587	2
588	2	588	2	588	2	588	2	588	2	588	2	588	2	588	2	588	2	588	2	588	2
589	2	589	2	589	2	589	2	589	2	589	2	589	2	589	2	589	2	589	2	589	2
590	2	590	2	590	2	590	2	590	2	590	2	590	2	590	2	590	2	590	2	590	2
591	2	591	2	591	2	591	2	591	2	591	2	591	2	591	2	591	2	591	2	591	2
592	2	592	2	592	2	592	2	592	2	592	2	592	2	592	2	592	2	592	2	592	2
593	2	593	2	593	2	593	2	593	2	593	2	593	2	593	2	593	2	593	2	593	2
594	2	594	2	594	2	594	2	594	2	594	2	594	2	594	2	594	2	594	2	594	2
595	2	595	2	595	2	595	2	595	2	595	2	595	2	595	2	595	2	595	2	595	2
596	2	596	2	596	2	596	2	596	2	596	2	596	2	596	2	596	2	596	2	596	2
597	2	597	2	597	2	597	2	597	2	597	2	597	2	597	2	597	2	597	2	597	2
598	2	598	2	598	2	598	2	598	2	598	2	598	2	598	2	598	2	598	2	598	2
599	2	599	2	599	2	599	2	599	2	599	2	599	2	599	2	599	2	599	2	599	2
600	2	600	2	600	2	600	2	600	2	600	2	600	2	600	2	600	2	600	2	600	2
601	2	601	2	601	2	601	2	601	2	601	2	601	2	601	2	601	2	601	2	601	2
602	2	602	2	602	2	602	2	602	2	602	2	602	2	602	2	602	2	602	2	602	2
603	2	603	2	603	2	603	2	603	2	603	2	603	2	603	2	603	2	603	2	603	2
604	2	604	2	604	2	604	2	604	2	604	2	604	2	604	2	604	2	604	2	604	2
605	2	605	2	605	2	605	2	605	2	605	2	605	2	605	2	605	2	605	2	605	2
606	2	606	2	606	2	606	2	606	2	606	2	606	2	606	2	606	2	606	2	606	2
607	2	607	2	607	2	607	2	607	2	607	2	607	2	607	2	607	2	607	2	607	2
608	2	608	2	608	2	608	2	608	2	608	2	608	2	608	2	608	2	608	2	608	2
609	2	609	2	609	2	609	2	609	2	609	2	609	2	609	2	609	2	609	2	609	2
610	2	610	2	610	2	610	2	610	2	610	2	610	2	610	2	610	2	610	2	610	2
611	2	611	2	611	2	611	2	611	2	611	2	611	2	611	2	611	2	611	2	611	2
612	2	612	2	612	2	612	2	612	2	612	2	612	2	612	2	612	2	612	2	612	2
613	2	613	2	613	2	613	2	613	2	613	2	613	2	613	2	613	2	613	2	613	2
614	2	614	2	614	2	614	2	614	2	614	2	614	2	614	2	614	2	614	2	614	2
615	2	615	2	615	2	615	2	615	2	615	2	615	2	615	2	615	2	615	2	615	2
616	2	616	2	616	2	616	2	616	2	616	2	616	2	616	2	616	2	616	2	616	2
617	2	617	2	617	2	617	2	617	2	617	2	617	2	617	2	617	2	617	2	617	2
618	2	618	2	618	2	618	2	618	2	618	2	618	2	618	2	618	2	618	2	618	2
619	2	619	2	619	2	619	2	619	2	619	2	619	2	619	2	619	2	619	2	619	2
620	2	620	2	620	2	620	2	620	2	620	2	620	2	620	2	620	2	620	2	620	2
621	2	621	2	621	2	621	2	621	2	621	2	621	2	621	2	621	2	621	2	621	2
622	2	622	2	622	2	622	2	622	2	622	2	622	2	622	2	622	2	622	2	622	2
623	2	623	2	623	2	623	2	623	2	623	2	623	2	623	2	623	2	623	2	623	2
624	2	624	2	624	2	624	2	624	2	624	2	624	2	624	2	624	2	624	2	624	2
625	2	625	2	625	2	625	2	625	2	625	2	625	2	625	2	625	2	625	2	625	2
626	2	626	2	626	2	626	2	626	2	626	2	626	2	626	2	626	2	626	2	626	2
627	2	627	2	627	2	627	2	627	2	627	2	627	2	627	2	627	2	627	2	627	2
628	2	628	2	628	2	628	2	628	2	628	2	628	2	628	2	628	2	628	2	628	2
629	2	629	2	629	2	629	2	629	2	629	2	629	2	629	2	629	2	629	2	629	2
630	2	630	2	630	2	630	2	630	2	630	2	630	2	630	2	630	2	630	2	630	2
631	2	631	2	631	2	631	2	631	2	631	2	631	2	631	2	631	2	631	2	631	2
632	2	632	2	632	2	632	2	632	2	632	2	632	2	632	2	632	2	632	2	632	2
633	2	633	2	633	2	633	2	633	2	633	2	633	2	633	2	633	2	633	2	633	2
634	2	634	2	634	2	634	2	634	2	634	2	634	2	634	2	634	2	634	2	634	2
635	2	635	2	635	2	635	2	635	2	635	2	635	2	635	2	635	2	635	2	635	2
636	2	636	2	636	2	636	2	636	2	636	2	636	2	636	2	636	2	636	2	636	2
637	2	637	2	637	2	637	2	637	2	637	2	637	2	637	2	637	2	637	2	637	2
638	2	638	2	638	2	638	2	638	2	638	2	638	2	638	2	638	2	638	2	638	2
639	2	639	2	639	2	639	2	639	2	639	2	639	2	639	2	639	2	639	2	639	2
640	2	640	2	640	2	640	2	640	2	640	2	640	2	640	2	640	2	640	2	640	2
641	2	641	2	641	2	641	2	641	2	641	2	641	2	641	2	641	2	641	2	641	2
642	2	642	2	642	2	642	2	642	2	642	2	642	2	642	2	642	2	642	2	642	2
643	2	643	2	643	2	643	2	643	2	643	2	643	2	643	2	643	2	643	2	643	2
644	2	644	2	644	2	644	2	644	2	644	2	644	2	644	2	644	2	644	2	644	2
645	2	645	2	645	2	645	2	645	2	645	2	645	2	645	2	645	2	645	2	645	2
646	2	646	2	646	2	646	2	646	2	646	2	646	2	646	2	646	2	646	2	646	2
647	2	647	2	647	2	647	2	647	2	647	2	647	2	647	2	647	2	647	2	647	2
648	2	648	2	648	2	648	2	648	2	648	2	648	2	648	2	648	2	648	2	648	2
649	2	649	2	649	2	649	2	649	2	649	2	649	2	649	2	649	2	649	2	649	2
650	2	650	2	650	2	650	2	650	2	650	2	650	2	650	2	650	2	650	2	650	2
651	2	651	2	651	2	651	2	651	2	651	2	651	2	651	2	651	2	651	2	651	2
652	2	652	2	652	2	652	2	652	2	652	2	652	2	652	2	652	2	652	2	652	2
653	2	653	2	653	2	653	2	653	2	653	2	653	2	653	2	653	2	653	2	653	2
654	2	654	2	654	2	654	2	654	2	654	2	654	2	654	2	654	2	654	2	654	2
655	2	655	2	655	2	655	2	655	2	655	2	655	2	655	2	655	2	655	2	655	2
656	2	656	2	656	2	656	2	656	2	656	2	656	2	656	2	656	2	656	2	656	2
657	2	657	2	657	2	657	2	657	2	657	2	657	2	657	2	657	2	657	2	657	2
658	2	658	2	658	2	658	2	658	2	658	2	658	2	658	2	658	2	658	2	658	2
659	2	659	2	659	2	659	2	659	2	659	2	659	2	659	2	659	2	659	2	659	2
660	2	660	2	660	2	660	2	660	2	660	2	660	2	660	2	660	2	660	2	660	2
661	2	661	2	661	2	661	2	661	2	661	2	661	2	661	2	661	2	661	2	661	2
662	2	662	2	662	2	662	2	662	2	662	2	662	2	662	2	662	2	662	2	662	2
663	2	663	2	663	2	663	2	663	2	663	2	663	2	663	2	663	2	663	2	663	2
664	2	664	2	664	2	664	2	664	2	664	2	664	2	664	2	664	2	664	2	664	2
665	2	665	2	665	2	665	2	665	2	665	2	665	2	665	2	665	2	665	2	665	2
666	2	666	2	666	2	666	2	666	2	666	2	666	2	666	2	666	2	666	2	666	2
667	2	667	2	667	2	667	2	667	2	667	2	667	2	667	2	667	2	667	2	667	2
668	2	668	2	668	2	668	2	668	2	668	2	668	2	668	2	668	2	668	2	668	2
669	2	669	2	669	2	669	2	669	2	669	2	669	2	669	2	669	2	669	2	669	2
670	2	670	2	670	2	670	2	670	2	670	2	670	2	670	2	670	2	670	2	670	2
671	2	671	2	671	2	671	2	671	2	671	2	671	2	671	2	671	2	671	2	671	2
672	2	672	2	672	2	672	2	672	2	672	2	672	2	672	2	672	2	672	2	672	2
673	2	673	2	673	2	673	2	673	2	673	2	673	2	673	2	673	2	673	2	673	2
674	2	674	2	674	2	674	2	674	2	674	2	674	2	674	2	674	2	674	2	674	2
675	2	675	2	675	2	675	2	675	2	675	2	675	2	675	2	675	2	675	2	675	2
676	2	676	2	676	2	676	2	676	2	676	2	676	2	676	2	676	2	676	2	676	2
677	2	677	2	677	2	677	2	677	2	677	2	677	2	677	2	677	2	677	2	677	2
678	2	678	2	678	2	678	2	678	2	678	2	678	2	678	2	678	2	678	2	678	2
679	2	679	2	679	2	679	2	679	2	679	2	679	2	679	2	679	2	679	2	679	2
680	2	680	2	680	2	680	2	680	2	680	2	680	2	680	2	680	2	680	2	680	2
681	2	681	2	681	2	681	2	681	2	681	2	681	2	681	2	681	2	681	2	681	2
682	2	682	2	682	2	682	2	682	2	682	2	682	2	682	2	682	2	682	2	682	2
683	2	683	2	683	2	683	2	683	2	683	2	683	2	683	2	683	2	683	2	683	2
684	2	684	2	684	2	684	2	684	2	684	2	684	2	684	2	684	2	684	2	684	2
685	2	685	2	685	2	685	2	685	2	685	2	685	2	685	2	685	2	685	2	685	2
686	2	686	2	686	2	686	2	686	2	686	2	686	2	686	2	686	2	686	2	686	2
687	2	687	2	687	2	687	2	687	2	687	2	687	2	687	2	687	2	687	2	687	2
688	2	688	2	688	2	688	2	688	2	688	2	688	2	688	2	688	2	688	2	688	2
689	2	689	2	689	2	689	2	689	2	689	2	689	2	689	2	689	2	689	2	689	2
690	2	690	2	690	2	690	2	690	2	690	2	690	2	690	2	690	2	690	2	690	2
691	2	691	2	691	2	691	2	691	2	691	2	691	2	691	2	691	2	691	2	691	2
692	2	692	2	692	2	692	2	692	2	692	2	692	2	692	2	692	2	692	2	692	2
693	2	693	2	693	2	693	2	693	2	693	2	693	2	693	2	693	2	693	2	693	2
694	2	694	2	694	2	694	2	694	2	694	2	694	2	694	2	694	2	694	2	694	2
695	2	695	2	695	2	695	2	695	2	695	2	695	2	695	2	695	2	695	2	695	2
696	2	696	2	696	2	696	2	696	2	696	2	696	2	696	2	696	2	696	2	696	2
697	2	697	2	697	2	697	2	697	2	697	2	697	2	697	2	697	2	697	2	697	2
698	2	698	2	698	2	698	2	698	2	698	2	698	2	698	2	698	2	698	2	698	2
699	2	699	2	699	2	699	2	699	2	699	2	699	2	699	2	699	2	699	2	699	2
700	2	700	2	700	2	700	2	700	2	700	2	700	2	700	2	700	2	700	2	700	2
701	2	701	2	701	2	701	2	701	2	701	2	701	2	701	2	701	2	701	2	701	2
702	2	702	2	702	2	702	2	702	2	702	2	702	2	702	2	702	2	702	2	702	2
703	2	703	2	703	2	703	2	703	2	703	2	703	2	703	2	703	2	703	2	703	2
704	2	704	2	704	2	704	2	704	2	704	2	704	2	704	2	704	2	704	2	704	2
705	2	705	2	705	2	705	2	705	2	705	2	705	2	705	2	705	2	705	2	705	2
706	2	706	2	706	2	706	2	706	2	706	2	706	2	706	2	706	2	706	2	706	2
707	2	707	2	707	2	707	2	707	2	707	2	707	2	707	2	707	2	707	2	707	2
708	2	708	2	708	2	708	2	708	2	708	2	708	2	708	2	708	2	708	2	708	2
709	2	709	2	709	2	709	2	709	2	709	2	709	2	709	2	709	2	709	2	709	2
710	2	710	2	710	2	710	2	710	2	710	2	710	2	710	2	710	2	710	2	710	2
711	2	711	2	711	2	711	2	711	2	711	2	711	2	711	2	711	2	711	2	711	2
712	2	712	2	712	2	712	2	712	2	712	2	712	2	712	2	712	2	712	2	712	2
713	2	713	2	713	2	713	2	713	2	713	2	713	2	713	2	713	2	713	2	713	2
714	2	714	2	714	2	714	2	714	2	714	2	714	2	714	2	714	2	714	2	714	2
715	2	715	2	715	2	715	2	715	2	715	2	715	2	715	2	715	2	715	2	715	2
716	2	716	2	716	2	716	2	716	2	716	2	716	2	716	2	716	2	716	2	716	2
717	2	717	2	717	2	717	2	717	2	717	2	717	2	717	2	717	2	717	2	717	2
718	2	718	2	718	2	718	2	718	2	718	2	718	2	718	2	718	2	718	2	718	2
719	2	719	2	719	2	719	2	719	2	719	2	719	2	719	2	719	2	719	2	719	2
720	2	720	2	720	2	720	2	720	2	720	2	720	2	720	2	720	2	720	2	720	2
721	2	721	2	721	2	721	2	721	2	721	2	721	2	721	2	721	2	721	2	721	2
722	2	722	2	722	2	722	2	722	2	722	2	722	2	722	2	722	2	722	2	722	2
723	2	723	2	723	2	723	2	723	2	723	2	723	2	723	2	723	2	723	2	723	2
724	2	724	2	724	2	724	2	724	2	724	2	724	2	724	2	724	2	724	2	724	2
725	2	725	2	725	2	725	2	725	2	725	2	725	2	725	2	725	2	725	2	725	2
726	2	726	2	726	2	726	2	726	2	726	2	726	2	726	2	726	2	726	2	726	2
727	2	727	2	727	2	727	2	727	2	727	2	727	2	727	2	727	2	727	2	727	2
728	2	728	2	728	2	728	2	728	2	728	2	728	2	728	2	728	2	728	2	728	2
729	2	729	2	729	2	729	2	729	2	729	2	729	2	729	2	729	2	729	2	729	2
730	2	730	2	730	2	730	2	730	2	730	2	730	2	730	2	730	2	730	2	730	2
731	2	731	2	731	2	731	2	731	2	731	2	731	2	731	2	731	2	731	2	731	2
732	2	732	2	732	2	732	2	732	2	732	2	732	2	732	2	732	2	732	2	732	2
733	2	733	2	733	2	733	2	733	2	733	2	733	2	733	2	733	2	733	2	733	2
734	2	734	2	734	2	734	2	734	2	734	2	734	2	734	2	734	2	734	2	734	2
735	2	735	2	735	2	735	2	735	2	735	2	735	2	735	2	735	2	735	2	735	2
736	2	736	2	736	2	736	2	736	2	736	2	736	2	736	2	736	2	736	2	736	2
737	2	737	2	737	2	737	2	737	2	737	2	737	2	737	2	737	2	737	2	737	2
738	2	738	2	738	2	738	2	738	2	738	2	738	2	738	2	738	2	738	2	738	2
739	2	739	2	739	2	739	2	739	2	739	2	739	2	739	2	739	2	739	2	739	2
740	2	740	2	740	2	740	2	740	2	740	2	740	2	740	2	740	2	740	2	740	2
741	2	741	2	741	2	741	2	741	2	741	2	741	2	741	2	741	2	741	2	741	2
742	2	742	2	742	2	742	2	742	2	742	2	742	2	742	2	742	2	742	2	742	2
743	2	743	2	743	2	743	2	743	2	743	2	743	2	743	2	743	2	743	2	743	2
744	2	744	2	744	2	744	2	744	2	744	2	744	2	744	2	744	2	744	2	744	2
745	2	745	2	745	2	745	2	745	2	745	2	745	2	745	2	745	2	745	2	745	2
746	2	746	2	746	2	746	2	746	2	746	2	746	2	746	2	746	2	746	2	746	2
747	2	747	2	747	2	747	2	747	2	747	2	747	2	747	2	747	2	747	2	747	2
748	2	748	2	748	2	748	2	748	2	748	2	748	2	748	2	748	2	748	2	748	2
749	2	749	2	749	2	749	2	749	2	749	2	749	2	749	2	749	2	749	2	749	2
750	2	750	2	750	2	750	2	750	2	750	2	750	2	750	2	750	2	750	2	750	2
751	2	751	2	751	2	751	2	751	2	751	2	751	2	751	2	751	2	751	2	751	2
752	2	752	2	752	2	752	2	752	2	752	2	752	2	752	2	752	2	752	2	752	2
753	2	753	2	753	2	753	2	753	2	753	2	753	2	753	2	753	2	753	2	753	2
754	2	754	2	754	2	754	2	754	2	754	2	754	2	754	2	754	2	754	2	754	2
755	2	755	2	755	2	755	2	755	2	755	2	755	2	755	2	755	2	755	2	755	2
756	2	756	2	756	2	756	2	756	2	756	2	756	2	756	2	756	2	756	2	756	2
757	2	757	2	757	2	757	2	757	2	757	2	757	2	757	2	757	2	757	2	757	2
758	2	758	2	758	2	758	2	758	2	758	2	758	2	758	2	758	2	758	2	758	2
759	2	759	2	759	2	759	2	759	2	759	2	759	2	759	2	759	2	759	2	759	2
760	2	760	2	760	2	760	2	760	2	760	2	760	2	760	2	760	2	760	2	760	2
761	2	761	2	761	2	761	2	761	2	761	2	761	2	761	2	761	2	761	2	761	2
762	2	762	2	762	2	762	2	762	2	762	2	762	2	762	2	762	2	762	2	762	2
763	2	763	2	763	2	763	2	763	2	763	2	763	2	763	2	763	2	763	2	763	2
764	2	764	2	764	2	764	2	764	2	764	2	764	2	764	2	764	2	764	2	764	2
765	2	765	2	765	2	765	2	765	2	765	2	765	2	765	2	765	2	765	2	765	2
766	2	766	2	766	2	766	2	766	2	766	2	766	2	766	2	766	2	766	2	766	2
767	2	767	2	767	2	767	2	767	2	767	2	767	2	767	2	767	2	767	2	767	2
768	2	768	2	768	2	768	2	768	2	768	2	768	2	768	2	768	2	768	2	768	2
769	2	769	2	769	2	769	2	769	2	769	2	769	2	769	2	769	2	769	2	769	2
770	2	770	2	770	2	770	2	770	2	770	2	770	2	770	2	770	2	770	2	770	2
771	2	771	2	771	2	771	2	771	2	771	2	771	2	771	2	771	2	771	2	771	2
772	2	772	2	772	2	772	2	772	2	772	2	772	2	772	2	772	2	772	2	772	2
773	2	773	2	773	2	773	2	773	2	773	2	773	2	773	2	773	2	773	2	773	2
774	2	774	2	774	2	774	2	774	2	774	2	774	2	774	2	774	2	774	2	774	2
775	2	775	2	775	2	775	2	775	2	775	2	775	2	775	2	775	2	775	2	775	2
776	2	776	2	776	2	776	2	776	2	776	2	776	2	776	2	776	2	776	2	776	2
777	2	777	2	777	2	777	2	777	2	777	2	777	2	777	2	777	2	777	2	777	2
778	2	778	2	778	2	778	2	778	2	778	2	778	2	778	2	778	2	778	2	778	2
779	2	779	2	779	2	779	2	779	2	779	2	779	2	779	2	779	2	779	2	779	2
780	2	780	2	780	2	780	2	780	2	780	2	780	2	780	2	780	2	780	2	780	2
781	2	781	2	781	2	781	2	781	2	781	2	781	2	781	2	781	2	781	2	781	2
782	2	782	2	782	2	782	2	782	2	782	2	782	2	782	2	782	2	782	2	782	2
783	2	783	2	783	2	783	2	783	2	783	2	783	2	783	2	783	2	783	2	783	2
784	2	784	2	784	2	784	2	784	2	784	2	784	2	784	2	784	2	784	2	784	2
785	2	785	2	785	2	785	2	785	2	785	2	785	2	785	2	785	2	785	2	785	2
786	2	786	2	786	2	786	2	786	2	786	2	786	2	786	2	786	2	786	2	786	2
787	2	787	2	787	2	787	2	787	2	787	2	787	2	787	2	787	2	787	2	787	2
788	2	788	2	788	2	788	2	788	2	788	2	788	2	788	2	788	2	788	2	788	2
789	2	789	2	789	2	789	2	789	2	789	2	789	2	789	2	789	2	789	2	789	2
790	2	790	2	790	2	790	2	790	2	790	2	790	2	790	2	790	2	790	2	790	2
791	2	791	2	791	2	791	2	791	2	791	2	791	2	791	2	791	2	791	2	791	2
792	2	792	2	792	2	792	2	792	2	792	2	792	2	792	2	792	2	792	2	792	2
793	2	793	2	793	2	793	2	793	2	793	2	793	2	793	2	793	2	793	2	793	2
794	2	794	2	794	2	794	2	794	2	794	2	794	2	794	2	794	2	794	2	794	2
795	2	795	2	795	2	795	2	795	2	795	2	795	2	795	2	795	2	795	2	795	2
796	2	796	2	796	2	796	2	796	2	796	2	796	2	796	2	796	2	796	2	796	2
797	2	797	2	797	2	797	2	797	2	797	2	797	2	797	2	797	2	797	2	797	2
798	2	798	2	798	2	798	2	798	2	798	2	798	2	798	2	798	2	798	2	798	2
799	2	799	2	799	2	799	2	799	2	799	2	799	2	799	2	799	2	799	2	799	2
800	2	800	2	800	2	800	2	800	2	800	2	800	2	800	2	800	2	800	2	800	2
